期間,總指數_原始值,總指數_年增率(%),一.農林漁牧業產品_原始值,一.農林漁牧業產品_年增率(%),(一)農產品_原始值,(一)農產品_年增率(%),1.稻穀雜糧_原始值,1.稻穀雜糧_年增率(%),(1)稻穀_原始值,(1)稻穀_年增率(%),(2)雜糧_原始值,(2)雜糧_年增率(%),2.蔬菜_原始值,2.蔬菜_年增率(%),3.水果_原始值,3.水果_年增率(%),4.花卉_原始值,4.花卉_年增率(%),5.特用作物及其他農作物栽培業_原始值,5.特用作物及其他農作物栽培業_年增率(%),(二)禽畜產品_原始值,(二)禽畜產品_年增率(%),1.家畜及其產品_原始值,1.家畜及其產品_年增率(%),2.家禽及其產品_原始值,2.家禽及其產品_年增率(%),(三)林產品_原始值,(三)林產品_年增率(%),(四)水產品_原始值,(四)水產品_年增率(%),1.魚類_原始值,1.魚類_年增率(%),(1)捕撈魚類_原始值,(1)捕撈魚類_年增率(%),(2)養殖魚類_原始值,(2)養殖魚類_年增率(%),2.其他水產品_原始值,2.其他水產品_年增率(%),二.土石及礦產品_原始值,二.土石及礦產品_年增率(%),(一)石油及天然氣_原始值,(一)石油及天然氣_年增率(%),原油_原始值,原油_年增率(%),(二)土石採取及其他礦產品_原始值,(二)土石採取及其他礦產品_年增率(%),三.製造業產品_原始值,三.製造業產品_年增率(%),(一)食品_原始值,(一)食品_年增率(%),1.肉類、水產品及蔬果處理保藏及其製品_原始值,1.肉類、水產品及蔬果處理保藏及其製品_年增率(%),2.食用油脂_原始值,2.食用油脂_年增率(%),3.乳製品_原始值,3.乳製品_年增率(%),4.碾榖、磨粉及澱粉製品_原始值,4.碾榖、磨粉及澱粉製品_年增率(%),5.飼料_原始值,5.飼料_年增率(%),6.烘焙炊蒸食品_原始值,6.烘焙炊蒸食品_年增率(%),7.調味品_原始值,7.調味品_年增率(%),8.調理食品_原始值,8.調理食品_年增率(%),9.其他食品_原始值,9.其他食品_年增率(%),(二)飲料_原始值,(二)飲料_年增率(%),1.酒類_原始值,1.酒類_年增率(%),2.非酒精飲料_原始值,2.非酒精飲料_年增率(%),(三)菸類_原始值,(三)菸類_年增率(%),(四)紡織品_原始值,(四)紡織品_年增率(%),1.紡織纖維及紗線_原始值,1.紡織纖維及紗線_年增率(%),2.布_原始值,2.布_年增率(%),3.其他紡織品_原始值,3.其他紡織品_年增率(%),(五)成衣及服飾品_原始值,(五)成衣及服飾品_年增率(%),1.成衣_原始值,1.成衣_年增率(%),(1)梭織成衣_原始值,(1)梭織成衣_年增率(%),(2)針織成衣_原始值,(2)針織成衣_年增率(%),2.服飾品_原始值,2.服飾品_年增率(%),(六)皮革及其製品_原始值,(六)皮革及其製品_年增率(%),(七)木竹製品_原始值,(七)木竹製品_年增率(%),(八)紙漿、紙、紙製品及印刷品_原始值,(八)紙漿、紙、紙製品及印刷品_年增率(%),1.紙漿、紙及其製品_原始值,1.紙漿、紙及其製品_年增率(%),(1)紙漿_原始值,(1)紙漿_年增率(%),(2)紙及紙板_原始值,(2)紙及紙板_年增率(%),(3)紙容器及其他紙製品_原始值,(3)紙容器及其他紙製品_年增率(%),2.印刷品_原始值,2.印刷品_年增率(%),(九)石油及煤製品_原始值,(九)石油及煤製品_年增率(%),(十)化學材料_原始值,(十)化學材料_年增率(%),1.基本化工原料_原始值,1.基本化工原料_年增率(%),2.石油化學原料_原始值,2.石油化學原料_年增率(%),3.肥料_原始值,3.肥料_年增率(%),4.合成樹脂、塑膠及橡膠_原始值,4.合成樹脂、塑膠及橡膠_年增率(%),5.人造纖維_原始值,5.人造纖維_年增率(%),(十一)化學製品及藥品_原始值,(十一)化學製品及藥品_年增率(%),1.化學製品_原始值,1.化學製品_年增率(%),(1)塗料、染料及顏料_原始值,(1)塗料、染料及顏料_年增率(%),(2)清潔用品及化妝品_原始值,(2)清潔用品及化妝品_年增率(%),(3)其他化學製品_原始值,(3)其他化學製品_年增率(%),2.藥品_原始值,2.藥品_年增率(%),(十二)橡膠及塑膠製品_原始值,(十二)橡膠及塑膠製品_年增率(%),1.橡膠製品_原始值,1.橡膠製品_年增率(%),(1)輪胎_原始值,(1)輪胎_年增率(%),(2)其他橡膠製品_原始值,(2)其他橡膠製品_年增率(%),2.塑膠製品_原始值,2.塑膠製品_年增率(%),(1)塑膠皮、板、管_原始值,(1)塑膠皮、板、管_年增率(%),(2)其他塑膠製品_原始值,(2)其他塑膠製品_年增率(%),(十三)非金屬礦物製品_原始值,(十三)非金屬礦物製品_年增率(%),1.玻璃及其製品_原始值,1.玻璃及其製品_年增率(%),2.耐火、黏土建築材料及陶瓷製品_原始值,2.耐火、黏土建築材料及陶瓷製品_年增率(%),3.水泥及其製品_原始值,3.水泥及其製品_年增率(%),4.其他非金屬礦物製品_原始值,4.其他非金屬礦物製品_年增率(%),(十四)基本金屬_原始值,(十四)基本金屬_年增率(%),1.鋼鐵_原始值,1.鋼鐵_年增率(%),(1)鋼鐵冶煉業製品_原始值,(1)鋼鐵冶煉業製品_年增率(%),(2)鋼鐵鑄造業製品_原始值,(2)鋼鐵鑄造業製品_年增率(%),(3)鋼鐵軋延及擠型業製品_原始值,(3)鋼鐵軋延及擠型業製品_年增率(%),(4)鋼鐵伸線業製品_原始值,(4)鋼鐵伸線業製品_年增率(%),2.鋁_原始值,2.鋁_年增率(%),3.銅_原始值,3.銅_年增率(%),4.其他金屬_原始值,4.其他金屬_年增率(%),(十五)金屬製品_原始值,(十五)金屬製品_年增率(%),1.金屬手工具及模具_原始值,1.金屬手工具及模具_年增率(%),2.金屬結構及建築組件_原始值,2.金屬結構及建築組件_年增率(%),3.金屬容器_原始值,3.金屬容器_年增率(%),4.金屬加工處理製品_原始值,4.金屬加工處理製品_年增率(%),5.其他金屬製品_原始值,5.其他金屬製品_年增率(%),(十六)電子零組件_原始值,(十六)電子零組件_年增率(%),1.半導體_原始值,1.半導體_年增率(%),2.被動電子元件_原始值,2.被動電子元件_年增率(%),3.印刷電路板_原始值,3.印刷電路板_年增率(%),4.光電材料及元件_原始值,4.光電材料及元件_年增率(%),5.其他電子零組件_原始值,5.其他電子零組件_年增率(%),(十七)電腦、電子產品及光學製品_原始值,(十七)電腦、電子產品及光學製品_年增率(%),1.電腦及其週邊設備_原始值,1.電腦及其週邊設備_年增率(%),(1)電腦_原始值,(1)電腦_年增率(%),(2)電腦週邊設備及組件_原始值,(2)電腦週邊設備及組件_年增率(%),2.通訊傳播設備_原始值,2.通訊傳播設備_年增率(%),3.視聽電子產品_原始值,3.視聽電子產品_年增率(%),4.資料儲存媒體_原始值,4.資料儲存媒體_年增率(%),5.量測、導航及控制設備產品_原始值,5.量測、導航及控制設備產品_年增率(%),6.其他電子及光學製品_原始值,6.其他電子及光學製品_年增率(%),(十八)電力設備_原始值,(十八)電力設備_年增率(%),1.發電、輸電、配電機械_原始值,1.發電、輸電、配電機械_年增率(%),2.電線及配線器材_原始值,2.電線及配線器材_年增率(%),3.家用電器_原始值,3.家用電器_年增率(%),4.其他電力設備_原始值,4.其他電力設備_年增率(%),(十九)機械設備_原始值,(十九)機械設備_年增率(%),1.金屬加工用機械_原始值,1.金屬加工用機械_年增率(%),2.其他專用生產機械_原始值,2.其他專用生產機械_年增率(%),3.通用機械_原始值,3.通用機械_年增率(%),(二十)運輸工具及零件_原始值,(二十)運輸工具及零件_年增率(%),1.汽車_原始值,1.汽車_年增率(%),2.汽車零件_原始值,2.汽車零件_年增率(%),3.機車及其零件_原始值,3.機車及其零件_年增率(%),4.其他運輸工具及零件_原始值,4.其他運輸工具及零件_年增率(%),(二十一)家具及裝設品_原始值,(二十一)家具及裝設品_年增率(%),(二十二)雜項工業製品_原始值,(二十二)雜項工業製品_年增率(%),1.育樂用品_原始值,1.育樂用品_年增率(%),2.醫療器材及用品_原始值,2.醫療器材及用品_年增率(%),3.其他雜項工業製品_原始值,3.其他雜項工業製品_年增率(%),四.水電燃氣_原始值,四.水電燃氣_年增率(%),(一)水_原始值,(一)水_年增率(%),(二)電_原始值,(二)電_年增率(%),(三)燃氣_原始值,(三)燃氣_年增率(%),製造業產品(一)非重化工業產品_原始值,製造業產品(一)非重化工業產品_年增率(%),製造業產品(二)重化工業產品_原始值,製造業產品(二)重化工業產品_年增率(%)
1981M01,83.07,-,54.11,-,54.87,-,61.86,-,69.29,-,80.05,-,28.92,-,40.38,-,-,-,89.59,-,84.01,-,80.55,-,88.44,-,27.99,-,40.94,-,47.34,-,43.48,-,46.89,-,39.76,-,29.49,-,-,-,-,-,-,-,90.94,-,68.85,-,-,-,59.11,-,53.02,-,-,-,53.34,-,-,-,-,-,-,-,-,-,77.31,-,68.18,-,98.29,-,54.29,-,75.31,-,61.37,-,77.90,-,102.93,-,77.20,-,72.21,-,-,-,-,-,110.70,-,50.77,-,57.97,-,67.34,-,67.70,-,79.68,-,61.61,-,70.55,-,85.96,-,45.06,-,55.20,-,85.36,-,54.24,-,37.20,-,62.05,-,68.08,-,82.81,-,77.63,-,86.56,-,74.63,-,73.89,-,94.47,-,73.77,-,80.39,-,97.73,-,69.85,-,72.37,-,61.32,-,84.63,-,85.76,-,91.52,-,121.63,-,100.45,-,73.42,-,47.82,-,52.40,-,41.28,-,-,-,58.37,-,-,-,65.28,-,29.99,-,38.19,-,61.46,-,-,-,-,-,-,-,-,-,-,-,323.39,-,391.26,-,-,-,-,-,180.17,-,-,-,-,-,-,-,-,-,-,-,351.89,-,160.40,-,-,-,-,-,-,-,-,-,-,-,-,-,109.91,-,107.19,-,74.10,-,70.77,-,-,-,-,-,68.91,-,86.21,-,69.62,-,95.49,-,48.74,-,63.43,-,77.07,-,-,-,-,-,-,-,86.97,-,52.83,-,97.65,-,56.13,-,77.91,-,95.22,-
1981M02,83.62,-,54.11,-,54.76,-,62.19,-,70.00,-,80.08,-,27.09,-,40.49,-,-,-,89.59,-,84.20,-,81.36,-,87.52,-,28.14,-,40.99,-,47.53,-,43.62,-,47.08,-,39.68,-,29.45,-,-,-,-,-,-,-,91.54,-,69.29,-,-,-,59.46,-,53.38,-,-,-,53.23,-,-,-,-,-,-,-,-,-,77.27,-,68.18,-,98.20,-,54.29,-,75.56,-,61.45,-,78.30,-,103.09,-,77.55,-,73.10,-,-,-,-,-,107.35,-,50.77,-,58.07,-,67.33,-,67.68,-,79.67,-,61.58,-,70.55,-,85.96,-,48.06,-,55.12,-,85.92,-,54.14,-,37.20,-,61.79,-,67.99,-,82.86,-,77.68,-,86.57,-,74.83,-,73.87,-,94.60,-,73.99,-,80.93,-,99.02,-,69.95,-,72.52,-,60.97,-,85.23,-,86.09,-,91.50,-,121.62,-,101.27,-,73.33,-,48.26,-,53.01,-,42.03,-,-,-,58.83,-,-,-,65.28,-,30.09,-,36.65,-,61.16,-,-,-,-,-,-,-,-,-,-,-,325.94,-,390.88,-,-,-,-,-,215.97,-,-,-,-,-,-,-,-,-,-,-,351.81,-,160.57,-,-,-,-,-,-,-,-,-,-,-,-,-,109.63,-,107.26,-,74.22,-,70.74,-,-,-,-,-,68.97,-,86.21,-,69.62,-,95.49,-,48.85,-,63.32,-,76.97,-,-,-,-,-,-,-,90.59,-,52.83,-,101.63,-,60.41,-,78.06,-,96.18,-
1981M03,84.21,-,54.53,-,55.05,-,61.91,-,69.51,-,79.89,-,32.14,-,38.10,-,-,-,90.26,-,84.56,-,81.88,-,87.68,-,28.17,-,41.83,-,49.36,-,46.37,-,46.94,-,39.74,-,29.82,-,-,-,-,-,-,-,92.03,-,68.69,-,-,-,58.41,-,53.64,-,-,-,53.06,-,-,-,-,-,-,-,-,-,77.29,-,68.18,-,98.26,-,54.29,-,75.85,-,61.62,-,78.67,-,103.77,-,78.26,-,73.65,-,-,-,-,-,108.99,-,51.00,-,58.07,-,67.34,-,67.76,-,79.75,-,61.57,-,70.73,-,85.96,-,49.53,-,55.92,-,86.66,-,55.70,-,37.22,-,62.12,-,68.62,-,83.04,-,77.80,-,86.58,-,74.86,-,74.13,-,94.91,-,74.22,-,81.12,-,100.12,-,69.60,-,72.74,-,61.37,-,85.33,-,86.62,-,91.22,-,121.73,-,101.77,-,76.83,-,48.12,-,52.82,-,41.27,-,-,-,59.01,-,-,-,65.28,-,30.11,-,36.83,-,61.47,-,-,-,-,-,-,-,-,-,-,-,327.65,-,393.07,-,-,-,-,-,219.04,-,-,-,-,-,-,-,-,-,-,-,352.26,-,160.11,-,-,-,-,-,-,-,-,-,-,-,-,-,110.21,-,107.30,-,74.79,-,70.87,-,-,-,-,-,68.97,-,86.21,-,69.63,-,95.67,-,48.78,-,63.65,-,76.98,-,-,-,-,-,-,-,93.81,-,52.83,-,105.43,-,62.53,-,78.40,-,96.87,-
1981M04,84.39,-,54.12,-,55.23,-,61.39,-,67.83,-,80.54,-,34.99,-,36.69,-,-,-,91.60,-,83.23,-,79.44,-,88.28,-,27.99,-,40.67,-,48.74,-,44.67,-,48.43,-,37.95,-,29.90,-,-,-,-,-,-,-,92.36,-,67.72,-,-,-,56.62,-,53.66,-,-,-,52.61,-,-,-,-,-,-,-,-,-,78.54,-,68.18,-,101.55,-,54.29,-,76.14,-,62.15,-,78.59,-,104.15,-,78.91,-,74.23,-,-,-,-,-,110.16,-,50.90,-,58.55,-,67.54,-,67.91,-,79.84,-,61.88,-,70.73,-,85.96,-,49.66,-,56.27,-,86.84,-,55.43,-,37.22,-,63.07,-,69.66,-,83.21,-,77.83,-,86.59,-,75.05,-,74.08,-,95.53,-,75.06,-,80.58,-,97.10,-,70.52,-,73.90,-,62.13,-,86.84,-,86.69,-,91.50,-,121.86,-,101.90,-,76.33,-,47.88,-,52.39,-,40.34,-,-,-,58.89,-,-,-,66.55,-,30.20,-,36.89,-,61.88,-,-,-,-,-,-,-,-,-,-,-,330.05,-,396.02,-,-,-,-,-,221.02,-,-,-,-,-,-,-,-,-,-,-,352.81,-,161.10,-,-,-,-,-,-,-,-,-,-,-,-,-,110.40,-,109.31,-,75.34,-,71.04,-,-,-,-,-,69.73,-,86.21,-,70.84,-,95.84,-,49.95,-,64.75,-,77.09,-,-,-,-,-,-,-,93.81,-,52.83,-,105.43,-,62.53,-,78.60,-,97.35,-
1981M05,84.12,-,53.13,-,54.06,-,60.47,-,66.26,-,79.96,-,32.33,-,35.34,-,-,-,90.99,-,81.53,-,77.46,-,87.14,-,27.95,-,40.10,-,48.13,-,43.42,-,49.08,-,37.35,-,29.80,-,-,-,-,-,-,-,92.21,-,66.95,-,-,-,55.86,-,53.67,-,-,-,52.49,-,-,-,-,-,-,-,-,-,78.98,-,68.18,-,102.69,-,54.29,-,76.08,-,61.94,-,78.72,-,104.09,-,79.90,-,75.02,-,-,-,-,-,112.70,-,51.02,-,58.23,-,67.53,-,67.87,-,79.63,-,61.87,-,70.73,-,85.96,-,49.73,-,56.40,-,86.79,-,54.27,-,43.95,-,63.21,-,69.73,-,83.20,-,77.81,-,86.59,-,75.20,-,73.92,-,95.64,-,75.30,-,80.47,-,97.03,-,70.36,-,74.21,-,62.04,-,87.52,-,86.68,-,92.14,-,121.80,-,101.71,-,75.10,-,46.53,-,50.67,-,37.74,-,-,-,57.70,-,-,-,66.06,-,30.13,-,36.63,-,61.49,-,-,-,-,-,-,-,-,-,-,-,329.66,-,394.77,-,-,-,-,-,220.71,-,-,-,-,-,-,-,-,-,-,-,352.56,-,161.15,-,-,-,-,-,-,-,-,-,-,-,-,-,111.06,-,109.63,-,75.62,-,71.22,-,-,-,-,-,70.57,-,86.21,-,71.54,-,95.84,-,51.57,-,64.61,-,77.32,-,-,-,-,-,-,-,93.81,-,52.83,-,105.43,-,62.53,-,78.57,-,97.17,-
1981M06,83.95,-,53.62,-,55.43,-,59.38,-,65.28,-,78.28,-,48.26,-,32.72,-,-,-,90.56,-,80.93,-,76.95,-,86.37,-,27.04,-,40.18,-,48.44,-,44.15,-,48.58,-,37.23,-,29.79,-,-,-,-,-,-,-,91.88,-,65.41,-,-,-,56.48,-,53.68,-,-,-,51.77,-,-,-,-,-,-,-,-,-,78.94,-,68.18,-,102.59,-,54.29,-,76.00,-,61.95,-,78.51,-,104.40,-,80.11,-,75.39,-,-,-,-,-,111.77,-,51.11,-,57.97,-,67.51,-,67.86,-,79.53,-,61.87,-,70.73,-,85.96,-,49.73,-,56.44,-,86.67,-,53.51,-,47.31,-,63.43,-,69.86,-,83.13,-,77.76,-,86.59,-,75.20,-,73.83,-,95.47,-,75.00,-,80.03,-,97.89,-,69.18,-,73.94,-,61.67,-,87.35,-,86.44,-,92.50,-,121.55,-,101.39,-,73.44,-,45.95,-,49.94,-,36.72,-,-,-,57.15,-,-,-,66.06,-,29.93,-,36.27,-,61.58,-,-,-,-,-,-,-,-,-,-,-,328.06,-,393.86,-,-,-,-,-,219.93,-,-,-,-,-,-,-,-,-,-,-,352.51,-,160.75,-,-,-,-,-,-,-,-,-,-,-,-,-,111.44,-,109.38,-,75.66,-,71.48,-,-,-,-,-,70.52,-,86.21,-,71.93,-,95.84,-,51.16,-,64.70,-,77.21,-,-,-,-,-,-,-,93.81,-,52.83,-,105.43,-,62.53,-,78.25,-,96.97,-
1981M07,83.73,-,53.49,-,55.85,-,59.38,-,66.97,-,76.32,-,48.96,-,34.91,-,-,-,89.92,-,80.19,-,75.82,-,86.27,-,26.46,-,39.57,-,48.81,-,44.41,-,49.09,-,35.68,-,29.80,-,-,-,-,-,-,-,91.61,-,65.14,-,-,-,55.51,-,54.48,-,-,-,51.30,-,-,-,-,-,-,-,-,-,78.93,-,68.18,-,102.58,-,54.29,-,75.50,-,61.86,-,77.94,-,97.93,-,79.84,-,75.08,-,-,-,-,-,111.63,-,51.00,-,57.51,-,67.40,-,67.79,-,79.55,-,61.71,-,70.73,-,85.96,-,49.68,-,56.37,-,86.25,-,53.42,-,47.31,-,63.40,-,69.74,-,83.02,-,77.63,-,86.59,-,75.11,-,73.60,-,95.51,-,74.65,-,79.72,-,99.18,-,67.93,-,73.59,-,61.63,-,86.71,-,85.78,-,92.51,-,121.22,-,99.96,-,73.11,-,45.60,-,49.58,-,36.12,-,-,-,56.98,-,-,-,65.38,-,29.71,-,35.30,-,61.57,-,-,-,-,-,-,-,-,-,-,-,326.28,-,393.43,-,-,-,-,-,219.62,-,-,-,-,-,-,-,-,-,-,-,352.42,-,160.91,-,-,-,-,-,-,-,-,-,-,-,-,-,111.63,-,109.74,-,75.48,-,71.27,-,-,-,-,-,70.61,-,88.03,-,71.60,-,95.84,-,50.57,-,64.55,-,77.27,-,-,-,-,-,-,-,93.81,-,52.83,-,105.43,-,62.53,-,77.88,-,96.78,-
1981M08,84.37,-,54.11,-,56.49,-,59.53,-,67.57,-,76.01,-,50.58,-,34.88,-,-,-,91.72,-,82.54,-,77.74,-,89.39,-,26.24,-,39.54,-,49.29,-,47.01,-,45.55,-,35.18,-,29.87,-,-,-,-,-,-,-,92.32,-,65.51,-,-,-,55.66,-,56.81,-,-,-,51.05,-,-,-,-,-,-,-,-,-,79.01,-,68.18,-,102.78,-,54.29,-,75.60,-,61.34,-,78.76,-,99.91,-,83.55,-,77.88,-,-,-,-,-,121.73,-,51.75,-,58.36,-,66.75,-,67.25,-,78.72,-,60.83,-,70.73,-,85.96,-,49.70,-,56.92,-,86.75,-,54.04,-,47.31,-,64.12,-,70.46,-,83.28,-,78.00,-,86.71,-,75.97,-,73.81,-,95.51,-,75.02,-,78.36,-,97.03,-,67.04,-,74.34,-,61.74,-,88.04,-,86.35,-,93.10,-,121.61,-,101.19,-,71.95,-,45.56,-,49.52,-,35.75,-,-,-,57.07,-,-,-,65.30,-,29.63,-,36.12,-,62.33,-,-,-,-,-,-,-,-,-,-,-,325.73,-,403.12,-,-,-,-,-,225.11,-,-,-,-,-,-,-,-,-,-,-,354.28,-,162.46,-,-,-,-,-,-,-,-,-,-,-,-,-,112.17,-,110.39,-,76.05,-,71.75,-,-,-,-,-,71.07,-,88.03,-,71.64,-,95.84,-,51.79,-,64.80,-,78.51,-,-,-,-,-,-,-,93.81,-,52.83,-,105.43,-,62.53,-,78.86,-,97.26,-
1981M09,84.55,-,54.21,-,57.21,-,59.09,-,67.39,-,75.07,-,53.48,-,35.32,-,-,-,93.85,-,82.50,-,76.85,-,90.85,-,25.02,-,39.28,-,48.15,-,46.95,-,42.65,-,35.68,-,30.20,-,-,-,-,-,-,-,92.50,-,65.85,-,-,-,56.06,-,56.86,-,-,-,50.94,-,-,-,-,-,-,-,-,-,79.08,-,68.18,-,102.98,-,54.29,-,75.29,-,60.70,-,78.89,-,100.55,-,83.77,-,78.30,-,-,-,-,-,120.49,-,51.85,-,58.33,-,66.64,-,67.18,-,78.73,-,60.68,-,70.73,-,85.96,-,49.69,-,57.15,-,86.66,-,54.53,-,47.31,-,64.14,-,70.74,-,83.26,-,77.94,-,86.80,-,76.03,-,73.59,-,95.65,-,75.84,-,79.91,-,99.81,-,67.86,-,74.98,-,61.86,-,89.15,-,86.08,-,93.57,-,120.85,-,100.67,-,71.43,-,45.22,-,49.09,-,35.52,-,-,-,56.28,-,-,-,65.07,-,29.41,-,36.79,-,61.92,-,-,-,-,-,-,-,-,-,-,-,328.27,-,407.55,-,-,-,-,-,228.04,-,-,-,-,-,-,-,-,-,-,-,355.13,-,164.46,-,-,-,-,-,-,-,-,-,-,-,-,-,112.55,-,112.18,-,76.13,-,71.88,-,-,-,-,-,71.33,-,88.03,-,71.67,-,95.84,-,52.37,-,64.95,-,78.81,-,-,-,-,-,-,-,93.81,-,52.83,-,105.43,-,62.53,-,79.07,-,97.38,-
1981M10,84.29,-,54.23,-,57.66,-,59.08,-,67.85,-,74.49,-,49.46,-,40.15,-,-,-,94.36,-,80.78,-,76.26,-,87.15,-,24.92,-,39.59,-,47.94,-,47.25,-,41.52,-,36.51,-,29.76,-,-,-,-,-,-,-,92.22,-,65.19,-,-,-,56.38,-,57.94,-,-,-,50.90,-,-,-,-,-,-,-,-,-,79.08,-,68.18,-,102.99,-,54.29,-,75.35,-,60.39,-,79.33,-,102.84,-,84.25,-,78.62,-,-,-,-,-,122.23,-,52.48,-,58.09,-,66.62,-,67.15,-,78.46,-,60.70,-,70.73,-,85.96,-,49.56,-,56.66,-,86.68,-,53.37,-,47.31,-,64.21,-,70.32,-,83.24,-,77.84,-,86.80,-,75.89,-,73.47,-,95.89,-,75.56,-,78.35,-,96.35,-,67.41,-,75.01,-,62.20,-,88.91,-,85.66,-,92.68,-,119.61,-,100.67,-,70.92,-,45.22,-,49.13,-,35.74,-,-,-,56.20,-,-,-,65.07,-,29.50,-,36.59,-,61.23,-,-,-,-,-,-,-,-,-,-,-,328.39,-,407.92,-,-,-,-,-,229.39,-,-,-,-,-,-,-,-,-,-,-,355.19,-,165.00,-,-,-,-,-,-,-,-,-,-,-,-,-,112.50,-,111.98,-,76.10,-,71.84,-,-,-,-,-,71.26,-,88.03,-,71.51,-,95.84,-,52.31,-,65.10,-,78.06,-,-,-,-,-,-,-,93.81,-,52.83,-,105.43,-,62.53,-,78.99,-,97.11,-
1981M11,84.10,-,53.50,-,55.91,-,58.08,-,68.33,-,71.32,-,37.14,-,41.02,-,-,-,96.52,-,80.24,-,75.61,-,86.83,-,24.95,-,40.60,-,49.45,-,48.74,-,42.83,-,37.19,-,30.02,-,-,-,-,-,-,-,92.04,-,65.56,-,-,-,56.60,-,59.92,-,-,-,50.77,-,-,-,-,-,-,-,-,-,79.87,-,68.18,-,105.06,-,54.29,-,75.28,-,60.24,-,79.36,-,102.79,-,83.16,-,77.71,-,-,-,-,-,119.76,-,52.77,-,57.77,-,66.66,-,67.07,-,78.08,-,60.66,-,70.73,-,86.52,-,49.66,-,55.99,-,86.18,-,52.58,-,47.31,-,63.82,-,69.18,-,83.32,-,77.94,-,86.80,-,76.24,-,73.46,-,95.99,-,75.39,-,77.03,-,94.71,-,66.29,-,75.09,-,61.81,-,89.41,-,85.64,-,92.83,-,119.46,-,100.55,-,70.96,-,45.19,-,49.12,-,35.54,-,-,-,56.31,-,-,-,65.07,-,29.33,-,35.98,-,61.15,-,-,-,-,-,-,-,-,-,-,-,328.21,-,407.12,-,-,-,-,-,227.77,-,-,-,-,-,-,-,-,-,-,-,355.03,-,164.05,-,-,-,-,-,-,-,-,-,-,-,-,-,112.78,-,111.59,-,76.06,-,71.70,-,-,-,-,-,71.33,-,88.03,-,71.51,-,95.84,-,52.54,-,65.04,-,78.06,-,-,-,-,-,-,-,93.81,-,52.83,-,105.43,-,62.53,-,78.85,-,96.85,-
1981M12,84.12,-,53.57,-,55.55,-,59.00,-,70.26,-,71.45,-,35.88,-,39.49,-,-,-,95.10,-,80.67,-,76.64,-,86.18,-,24.77,-,41.60,-,51.35,-,49.81,-,45.94,-,37.48,-,30.06,-,-,-,-,-,-,-,92.05,-,66.36,-,-,-,56.95,-,59.92,-,-,-,50.31,-,-,-,-,-,-,-,-,-,79.88,-,68.18,-,105.07,-,54.29,-,75.18,-,59.99,-,79.47,-,103.03,-,83.36,-,78.06,-,-,-,-,-,119.01,-,52.45,-,58.00,-,66.54,-,66.89,-,76.97,-,60.66,-,70.73,-,86.52,-,49.55,-,56.07,-,87.23,-,51.10,-,57.40,-,63.62,-,68.44,-,83.33,-,77.94,-,86.80,-,76.25,-,73.47,-,95.99,-,75.22,-,76.68,-,93.60,-,66.40,-,74.96,-,61.68,-,89.27,-,85.62,-,93.01,-,119.09,-,100.58,-,70.95,-,44.72,-,48.66,-,35.16,-,-,-,55.87,-,-,-,63.26,-,29.07,-,36.01,-,61.14,-,-,-,-,-,-,-,-,-,-,-,328.08,-,407.65,-,-,-,-,-,226.99,-,-,-,-,-,-,-,-,-,-,-,357.65,-,163.34,-,-,-,-,-,-,-,-,-,-,-,-,-,112.82,-,111.15,-,76.17,-,71.96,-,-,-,-,-,71.20,-,86.48,-,71.44,-,95.84,-,53.04,-,65.04,-,77.56,-,-,-,-,-,-,-,93.81,-,52.83,-,105.43,-,62.53,-,79.02,-,96.74,-
1982M01,83.81,0.89,54.26,0.28,55.43,1.02,58.37,-5.64,71.12,2.64,68.80,-14.05,28.94,0.07,47.63,17.95,-,-,92.78,3.56,81.94,-2.46,79.31,-1.54,84.98,-3.91,25.49,-8.93,43.50,6.25,51.98,9.80,49.24,13.25,48.72,3.90,40.74,2.46,29.76,0.92,-,-,-,-,-,-,91.53,0.65,66.18,-3.88,-,-,57.72,-2.35,59.92,13.01,-,-,50.19,-5.91,-,-,-,-,-,-,-,-,79.85,3.29,68.18,0.00,105.00,6.83,54.29,0.00,73.99,-1.75,59.62,-2.85,77.50,-0.51,100.60,-2.26,82.24,6.53,77.05,6.70,-,-,-,-,117.18,5.85,51.82,2.07,57.77,-0.35,66.46,-1.31,66.77,-1.37,76.08,-4.52,60.68,-1.51,70.73,0.26,86.63,0.78,49.54,9.94,54.88,-0.58,86.43,1.25,49.45,-8.83,57.39,54.27,63.80,2.82,66.00,-3.06,83.39,0.70,77.83,0.26,86.80,0.28,76.10,1.97,73.32,-0.77,96.64,2.30,75.19,1.92,77.09,-4.10,95.54,-2.24,65.91,-5.64,74.82,3.39,61.58,0.42,89.12,5.31,86.26,0.58,92.44,1.01,118.80,-2.33,102.64,2.18,70.46,-4.03,44.62,-6.69,48.58,-7.29,35.14,-14.87,-,-,55.73,-4.52,-,-,63.17,-3.23,28.91,-3.60,35.76,-6.36,61.14,-0.52,-,-,-,-,-,-,-,-,-,-,335.73,3.82,414.99,6.07,-,-,-,-,226.78,25.87,-,-,-,-,-,-,-,-,-,-,352.42,0.15,163.31,1.81,-,-,-,-,-,-,-,-,-,-,-,-,112.10,1.99,110.88,3.44,75.95,2.50,71.53,1.07,-,-,-,-,70.68,2.57,86.48,0.31,70.52,1.29,95.84,0.37,52.30,7.30,65.17,2.74,76.26,-1.05,-,-,-,-,-,-,94.60,8.77,63.80,20.76,105.43,7.97,62.53,11.40,78.50,0.76,96.38,1.22
1982M02,83.83,0.25,53.74,-0.68,55.35,1.08,58.56,-5.84,71.51,2.16,68.84,-14.04,28.59,5.54,46.58,15.04,-,-,93.35,4.20,78.40,-6.89,75.56,-7.13,81.87,-6.46,25.48,-9.45,43.68,6.56,53.04,11.59,48.72,11.69,52.49,11.49,40.16,1.21,29.86,1.39,-,-,-,-,-,-,91.67,0.14,66.45,-4.10,-,-,57.31,-3.62,59.93,12.27,-,-,50.03,-6.01,-,-,-,-,-,-,-,-,79.86,3.35,68.18,0.00,105.02,6.95,54.29,0.00,74.43,-1.50,59.35,-3.42,78.74,0.56,102.36,-0.71,83.01,7.04,77.57,6.11,-,-,-,-,119.64,11.45,51.74,1.91,57.86,-0.36,66.27,-1.57,65.89,-2.64,75.59,-5.12,60.59,-1.61,68.70,-2.62,86.63,0.78,49.55,3.10,55.14,0.04,86.75,0.97,49.56,-8.46,57.39,54.27,63.78,3.22,66.82,-1.72,83.46,0.72,77.88,0.26,86.80,0.27,76.13,1.74,73.41,-0.62,96.75,2.27,74.55,0.76,76.26,-5.77,93.63,-5.44,65.72,-6.05,74.22,2.34,61.37,0.66,88.17,3.45,86.26,0.20,92.35,0.93,117.91,-3.05,102.82,1.53,71.03,-3.14,44.69,-7.40,48.70,-8.13,35.24,-16.16,-,-,55.88,-5.01,-,-,63.17,-3.23,28.82,-4.22,35.41,-3.38,61.23,0.11,-,-,-,-,-,-,-,-,-,-,336.39,3.21,416.77,6.62,-,-,-,-,227.96,5.55,-,-,-,-,-,-,-,-,-,-,344.37,-2.11,163.14,1.60,-,-,-,-,-,-,-,-,-,-,-,-,113.05,3.12,110.97,3.46,76.03,2.44,71.59,1.20,-,-,-,-,70.70,2.51,86.48,0.31,70.71,1.57,95.84,0.37,52.20,6.86,65.17,2.92,77.17,0.26,-,-,-,-,-,-,94.60,4.43,63.80,20.76,105.43,3.74,62.53,3.51,78.60,0.69,96.40,0.23
1982M03,83.88,-0.39,53.47,-1.94,55.35,0.54,59.69,-3.59,75.92,9.22,66.59,-16.65,26.26,-18.29,45.81,20.24,-,-,93.54,3.63,77.88,-7.90,74.33,-9.22,82.64,-5.75,25.53,-9.37,42.81,2.34,52.21,5.77,47.70,2.87,52.14,11.08,39.13,-1.53,29.97,0.50,-,-,-,-,-,-,91.76,-0.29,67.48,-1.76,-,-,59.55,1.95,59.95,11.76,-,-,49.62,-6.48,-,-,-,-,-,-,-,-,80.40,4.02,68.18,0.00,106.46,8.35,54.29,0.00,74.05,-2.37,58.83,-4.53,78.60,-0.09,102.61,-1.12,83.03,6.10,77.32,4.98,-,-,-,-,121.68,11.64,51.79,1.55,57.93,-0.24,65.98,-2.02,64.89,-4.24,74.68,-6.36,60.39,-1.92,66.67,-5.74,86.63,0.78,49.55,0.04,54.78,-2.04,86.63,-0.03,49.22,-11.63,57.39,54.19,63.36,2.00,66.20,-3.53,83.47,0.52,77.89,0.12,86.80,0.25,76.15,1.72,73.43,-0.94,96.75,1.94,74.61,0.53,75.59,-6.82,90.84,-9.27,66.30,-4.74,74.45,2.35,61.86,0.80,88.15,3.30,85.99,-0.73,92.08,0.94,117.51,-3.47,102.40,0.62,71.13,-7.42,44.64,-7.23,48.68,-7.84,35.15,-14.83,-,-,55.96,-5.17,-,-,63.03,-3.45,28.54,-5.21,34.68,-5.84,61.47,0.00,-,-,-,-,-,-,-,-,-,-,337.53,3.02,418.54,6.48,-,-,-,-,229.66,4.85,-,-,-,-,-,-,-,-,-,-,345.10,-2.03,163.25,1.96,-,-,-,-,-,-,-,-,-,-,-,-,113.18,2.69,110.94,3.39,76.03,1.66,71.60,1.03,-,-,-,-,70.94,2.86,86.48,0.31,71.32,2.43,95.84,0.18,52.39,7.40,65.17,2.39,76.54,-0.57,-,-,-,-,-,-,94.60,0.84,63.80,20.76,105.43,0.00,62.53,0.00,78.84,0.56,96.38,-0.51
1982M04,84.04,-0.41,53.91,-0.39,55.34,0.20,60.57,-1.34,78.32,15.47,66.13,-17.89,25.83,-26.18,44.00,19.92,-,-,93.70,2.29,80.57,-3.20,80.26,1.03,79.53,-9.91,25.54,-8.75,43.04,5.83,51.72,6.11,46.23,3.49,53.57,10.61,40.03,5.48,29.92,0.07,-,-,-,-,-,-,91.89,-0.51,68.67,1.40,-,-,61.09,7.89,59.95,11.72,-,-,49.20,-6.48,-,-,-,-,-,-,-,-,80.27,2.20,68.18,0.00,106.09,4.47,54.29,0.00,73.98,-2.84,58.51,-5.86,78.83,0.31,103.10,-1.01,83.75,6.13,78.05,5.15,-,-,-,-,122.28,11.00,52.13,2.42,58.13,-0.72,65.62,-2.84,64.04,-5.70,72.79,-8.83,60.22,-2.68,65.41,-7.52,86.63,0.78,49.40,-0.52,53.96,-4.11,86.55,-0.33,48.35,-12.77,57.39,54.19,62.36,-1.13,64.92,-6.80,83.31,0.12,77.71,-0.15,86.80,0.24,76.16,1.48,73.01,-1.44,96.80,1.33,74.79,-0.36,75.60,-6.18,91.75,-5.51,65.78,-6.72,74.67,1.04,61.72,-0.66,88.67,2.11,85.61,-1.25,92.08,0.63,115.38,-5.32,102.26,0.35,70.88,-7.14,44.41,-7.25,48.61,-7.22,35.13,-12.92,-,-,55.90,-5.08,-,-,60.22,-9.51,28.27,-6.39,34.98,-5.18,61.43,-0.73,-,-,-,-,-,-,-,-,-,-,339.86,2.97,420.80,6.26,-,-,-,-,230.54,4.31,-,-,-,-,-,-,-,-,-,-,341.87,-3.10,163.37,1.41,-,-,-,-,-,-,-,-,-,-,-,-,113.13,2.47,110.86,1.42,76.12,1.04,71.97,1.31,-,-,-,-,70.89,1.66,86.48,0.31,70.99,0.21,95.84,0.00,52.51,5.13,65.18,0.66,77.39,0.39,-,-,-,-,-,-,94.60,0.84,63.80,20.76,105.43,0.00,62.53,0.00,79.49,1.13,96.04,-1.35
1982M05,84.37,0.30,55.07,3.65,56.14,3.85,59.66,-1.34,77.18,16.48,65.07,-18.62,31.31,-3.15,45.51,28.78,-,-,94.07,3.38,85.57,4.96,88.67,14.47,78.46,-9.96,25.61,-8.37,43.00,7.23,50.80,5.55,42.61,-1.87,57.76,17.69,40.78,9.18,30.20,1.34,-,-,-,-,-,-,92.01,-0.22,69.47,3.76,-,-,63.53,13.73,59.96,11.72,-,-,49.17,-6.33,-,-,-,-,-,-,-,-,80.20,1.54,68.18,0.00,105.93,3.16,54.29,0.00,73.80,-3.00,58.45,-5.63,78.48,-0.30,103.15,-0.90,84.91,6.27,79.15,5.51,-,-,-,-,123.65,9.72,52.47,2.84,58.68,0.77,65.63,-2.81,63.86,-5.91,72.96,-8.38,60.26,-2.60,64.82,-8.36,86.63,0.78,49.40,-0.66,53.36,-5.39,85.89,-1.04,48.01,-11.53,57.39,30.58,62.23,-1.55,63.17,-9.41,83.38,0.22,77.79,-0.03,86.80,0.24,76.21,1.34,73.16,-1.03,96.80,1.21,74.70,-0.80,75.77,-5.84,90.16,-7.08,66.99,-4.79,74.53,0.43,61.64,-0.64,88.50,1.12,85.77,-1.05,92.31,0.18,115.47,-5.20,102.42,0.70,71.18,-5.22,44.50,-4.36,48.80,-3.69,35.29,-6.49,-,-,56.17,-2.65,-,-,59.92,-9.29,28.05,-6.90,34.69,-5.30,61.37,-0.20,-,-,-,-,-,-,-,-,-,-,340.39,3.25,424.65,7.57,-,-,-,-,237.54,7.63,-,-,-,-,-,-,-,-,-,-,341.73,-3.07,164.58,2.13,-,-,-,-,-,-,-,-,-,-,-,-,113.49,2.19,111.68,1.87,75.66,0.05,71.64,0.59,-,-,-,-,70.99,0.60,85.30,-1.06,71.08,-0.64,95.84,0.00,53.40,3.55,64.85,0.37,77.73,0.53,-,-,-,-,-,-,94.60,0.84,63.80,20.76,105.43,0.00,62.53,0.00,79.83,1.60,95.99,-1.21
1982M06,84.12,0.20,54.30,1.27,55.00,-0.78,57.45,-3.25,74.19,13.65,62.78,-19.80,34.86,-27.77,41.75,27.60,-,-,94.07,3.88,86.04,6.31,88.07,14.45,80.79,-6.46,25.48,-5.77,41.99,4.50,50.04,3.30,43.00,-2.60,54.98,13.17,39.45,5.96,30.30,1.71,-,-,-,-,-,-,91.82,-0.07,68.53,4.77,-,-,66.07,16.98,59.99,11.75,-,-,48.45,-6.41,-,-,-,-,-,-,-,-,80.23,1.63,68.18,0.00,106.00,3.32,54.29,0.00,73.07,-3.86,57.71,-6.84,77.85,-0.84,103.40,-0.96,85.24,6.40,79.66,5.66,-,-,-,-,122.90,9.96,52.74,3.19,58.90,1.60,64.54,-4.40,63.06,-7.07,72.64,-8.66,58.64,-5.22,64.82,-8.36,86.63,0.78,49.51,-0.44,53.36,-5.46,85.04,-1.88,48.19,-9.94,57.39,21.31,62.02,-2.22,63.33,-9.35,83.49,0.43,77.91,0.19,86.80,0.24,76.24,1.38,73.40,-0.58,96.82,1.41,74.80,-0.27,75.79,-5.30,90.42,-7.63,66.86,-3.35,74.63,0.93,61.29,-0.62,88.98,1.87,85.93,-0.59,92.78,0.30,115.59,-4.90,102.57,1.16,71.18,-3.08,44.20,-3.81,48.50,-2.88,34.87,-5.04,-,-,55.93,-2.13,-,-,59.92,-9.29,27.57,-7.89,33.70,-7.09,61.58,0.00,-,-,-,-,-,-,-,-,-,-,342.67,4.45,427.71,8.59,-,-,-,-,239.00,8.67,-,-,-,-,-,-,-,-,-,-,343.81,-2.47,164.49,2.33,-,-,-,-,-,-,-,-,-,-,-,-,113.23,1.61,111.93,2.33,75.69,0.04,71.81,0.46,-,-,-,-,70.96,0.62,85.30,-1.06,71.08,-1.18,95.84,0.00,53.33,4.24,64.80,0.15,77.88,0.87,-,-,-,-,-,-,94.60,0.84,63.80,20.76,105.43,0.00,62.53,0.00,79.64,1.78,95.86,-1.14
1982M07,83.79,0.07,52.99,-0.93,54.21,-2.94,55.97,-5.74,71.18,6.29,62.48,-18.13,36.89,-24.65,40.76,16.76,-,-,92.54,2.91,84.41,5.26,85.77,13.12,80.38,-6.83,25.61,-3.21,38.92,-1.64,45.12,-7.56,42.01,-5.40,43.58,-11.22,37.69,5.63,30.48,2.28,-,-,-,-,-,-,91.59,-0.02,67.45,3.55,-,-,68.31,23.06,60.79,11.58,-,-,47.59,-7.23,-,-,-,-,-,-,-,-,80.25,1.67,68.18,0.00,106.05,3.38,54.29,0.00,72.79,-3.59,57.48,-7.08,77.54,-0.51,103.24,5.42,87.06,9.04,81.65,8.75,-,-,-,-,123.50,10.63,53.09,4.10,59.02,2.63,64.49,-4.32,62.80,-7.36,72.73,-8.57,58.59,-5.06,64.15,-9.30,86.63,0.78,49.47,-0.42,52.48,-6.90,84.94,-1.52,47.13,-11.77,57.39,21.31,61.87,-2.41,61.36,-12.02,83.45,0.52,77.86,0.30,86.80,0.24,76.27,1.54,73.28,-0.43,96.82,1.37,74.95,0.40,75.44,-5.37,87.97,-11.30,67.75,-0.26,74.91,1.79,61.21,-0.68,89.58,3.31,85.00,-0.91,92.97,0.50,115.41,-4.79,100.29,0.33,71.18,-2.64,44.14,-3.20,48.58,-2.02,34.75,-3.79,-,-,56.29,-1.21,-,-,59.92,-8.35,26.64,-10.33,32.26,-8.61,62.07,0.81,-,-,-,-,-,-,-,-,-,-,340.82,4.46,427.23,8.59,-,-,-,-,241.06,9.76,-,-,-,-,-,-,-,-,-,-,349.85,-0.73,164.08,1.97,-,-,-,-,-,-,-,-,-,-,-,-,113.48,1.66,111.84,1.91,75.66,0.24,71.68,0.58,-,-,-,-,71.46,1.20,85.30,-3.10,71.73,0.18,95.84,0.00,54.05,6.88,64.53,-0.03,77.67,0.52,-,-,-,-,-,-,94.60,0.84,63.80,20.76,105.43,0.00,62.53,0.00,79.38,1.93,95.70,-1.12
1982M08,84.15,-0.26,55.29,2.18,57.46,1.72,55.27,-7.16,70.72,4.66,61.19,-19.50,56.55,11.80,42.46,21.73,-,-,93.67,2.13,89.95,8.98,87.36,12.37,92.74,3.75,25.25,-3.77,38.46,-2.73,44.45,-9.82,42.33,-9.96,41.24,-9.46,37.36,6.20,30.76,2.98,-,-,-,-,-,-,91.56,-0.82,67.63,3.24,-,-,67.91,22.01,61.33,7.96,-,-,47.11,-7.72,-,-,-,-,-,-,-,-,80.27,1.59,68.18,0.00,106.11,3.24,54.29,0.00,71.92,-4.87,56.33,-8.17,77.27,-1.89,101.63,1.72,87.07,4.21,81.59,4.76,-,-,-,-,123.93,1.81,53.56,3.50,59.16,1.37,64.40,-3.52,62.51,-7.05,72.77,-7.56,58.47,-3.88,63.54,-10.17,86.63,0.78,49.49,-0.42,51.95,-8.73,84.89,-2.14,47.02,-12.99,57.39,21.31,61.61,-3.91,59.56,-15.47,83.73,0.54,78.23,0.29,86.80,0.10,76.95,1.29,73.70,-0.15,96.85,1.40,75.36,0.45,75.83,-3.23,88.93,-8.35,67.80,1.13,75.31,1.30,61.23,-0.83,90.34,2.61,85.45,-1.04,93.26,0.17,115.38,-5.12,101.16,-0.03,71.49,-0.64,43.80,-3.86,48.27,-2.52,34.40,-3.78,-,-,55.96,-1.94,-,-,59.11,-9.48,26.28,-11.31,31.74,-12.13,61.50,-1.33,-,-,-,-,-,-,-,-,-,-,342.34,5.10,428.76,6.36,-,-,-,-,243.26,8.06,-,-,-,-,-,-,-,-,-,-,349.89,-1.24,164.06,0.98,-,-,-,-,-,-,-,-,-,-,-,-,113.74,1.40,112.10,1.55,75.74,-0.41,71.81,0.08,-,-,-,-,71.88,1.14,85.30,-3.10,73.17,2.14,95.84,0.00,54.30,4.85,64.83,0.05,78.44,-0.09,-,-,-,-,-,-,94.60,0.84,63.80,20.76,105.43,0.00,62.53,0.00,79.29,0.55,95.64,-1.67
1982M09,83.88,-0.79,54.61,0.74,57.18,-0.05,55.36,-6.31,70.67,4.87,61.48,-18.10,44.78,-16.27,49.93,41.36,-,-,93.65,-0.21,87.60,6.18,87.07,13.30,86.79,-4.47,25.23,0.84,37.65,-4.15,43.55,-9.55,42.00,-10.54,39.46,-7.48,36.53,2.38,30.79,1.95,-,-,-,-,-,-,91.29,-1.31,67.28,2.17,-,-,66.28,18.23,61.33,7.86,-,-,46.86,-8.01,-,-,-,-,-,-,-,-,80.30,1.54,68.18,0.00,106.18,3.11,54.29,0.00,71.67,-4.81,56.03,-7.69,77.12,-2.24,101.77,1.21,86.74,3.55,81.28,3.81,-,-,-,-,123.43,2.44,54.02,4.19,59.04,1.22,64.09,-3.83,62.03,-7.67,72.22,-8.27,58.14,-4.19,62.89,-11.08,86.63,0.78,49.49,-0.40,51.78,-9.40,84.74,-2.22,47.09,-13.64,57.39,21.31,61.50,-4.12,58.91,-16.72,83.43,0.20,77.87,-0.09,86.80,0.00,76.96,1.22,72.88,-0.96,96.92,1.33,75.10,-0.98,74.82,-6.37,87.50,-12.33,67.05,-1.19,75.22,0.32,61.36,-0.81,90.06,1.02,85.93,-0.17,93.57,0.00,115.40,-4.51,102.18,1.50,71.48,0.07,43.58,-3.63,47.98,-2.26,34.02,-4.22,-,-,55.64,-1.14,-,-,59.35,-8.79,26.31,-10.54,32.36,-12.04,61.16,-1.23,-,-,-,-,-,-,-,-,-,-,340.00,3.57,422.61,3.70,-,-,-,-,243.63,6.84,-,-,-,-,-,-,-,-,-,-,349.94,-1.46,163.47,-0.60,-,-,-,-,-,-,-,-,-,-,-,-,113.73,1.05,111.93,-0.22,75.52,-0.80,71.66,-0.31,-,-,-,-,71.86,0.74,85.74,-2.60,73.18,2.11,95.84,0.00,53.94,3.00,64.59,-0.55,78.47,-0.43,-,-,-,-,-,-,94.60,0.84,63.80,20.76,105.43,0.00,62.53,0.00,79.14,0.09,95.33,-2.11
1982M10,83.56,-0.87,53.49,-1.36,55.33,-4.04,55.33,-6.35,69.57,2.54,62.71,-15.81,34.91,-29.42,48.80,21.54,-,-,92.97,-1.47,86.14,6.64,86.35,13.23,84.08,-3.52,25.12,0.80,37.87,-4.34,44.07,-8.07,42.74,-9.54,39.46,-4.96,36.51,0.00,30.85,3.66,-,-,-,-,-,-,91.09,-1.23,66.96,2.72,-,-,65.93,16.94,61.33,5.85,-,-,46.66,-8.33,-,-,-,-,-,-,-,-,80.31,1.56,68.18,0.00,106.20,3.12,54.29,0.00,71.16,-5.56,55.59,-7.95,76.67,-3.35,100.66,-2.12,86.77,2.99,81.41,3.55,-,-,-,-,122.86,0.52,54.20,3.28,59.29,2.07,64.05,-3.86,62.03,-7.62,72.58,-7.49,58.02,-4.42,62.89,-11.08,86.63,0.78,49.39,-0.34,51.67,-8.81,84.67,-2.32,47.11,-11.73,57.39,21.31,61.50,-4.22,58.48,-16.84,83.38,0.17,77.69,-0.19,86.80,0.00,76.97,1.42,72.49,-1.33,97.36,1.53,74.61,-1.26,74.74,-4.61,87.11,-9.59,67.15,-0.39,74.65,-0.48,61.18,-1.64,89.12,0.24,85.52,-0.16,94.65,2.13,115.37,-3.54,100.17,-0.50,73.58,3.75,43.25,-4.36,47.73,-2.85,33.74,-5.60,-,-,55.45,-1.33,-,-,56.81,-12.69,26.15,-11.36,32.03,-12.46,61.31,0.13,-,-,-,-,-,-,-,-,-,-,341.30,3.93,425.50,4.31,-,-,-,-,244.32,6.51,-,-,-,-,-,-,-,-,-,-,350.15,-1.42,163.61,-0.84,-,-,-,-,-,-,-,-,-,-,-,-,113.80,1.16,111.34,-0.57,75.33,-1.01,71.54,-0.42,-,-,-,-,71.96,0.98,86.45,-1.79,73.31,2.52,95.84,0.00,53.77,2.79,64.70,-0.61,78.06,0.00,-,-,-,-,-,-,94.60,0.84,63.80,20.76,105.43,0.00,62.53,0.00,78.90,-0.11,95.20,-1.97
1982M11,83.77,-0.39,53.67,0.32,55.50,-0.73,55.48,-4.48,69.15,1.20,63.56,-10.88,30.87,-16.88,52.12,27.06,-,-,93.37,-3.26,86.14,7.35,86.80,14.80,83.29,-4.08,24.98,0.12,38.37,-5.49,44.16,-10.70,41.62,-14.61,41.78,-2.45,37.46,0.73,31.17,3.83,-,-,-,-,-,-,91.26,-0.85,66.93,2.09,-,-,64.36,13.71,61.79,3.12,-,-,46.46,-8.49,-,-,-,-,-,-,-,-,80.33,0.58,68.18,0.00,106.27,1.15,54.29,0.00,71.34,-5.23,55.66,-7.60,76.98,-3.00,100.94,-1.80,86.48,3.99,80.91,4.12,-,-,-,-,123.97,3.52,54.40,3.09,58.77,1.73,64.05,-3.92,62.01,-7.54,72.36,-7.33,58.04,-4.32,62.89,-11.08,86.63,0.13,49.40,-0.52,51.68,-7.70,84.79,-1.61,47.26,-10.12,57.39,21.31,61.47,-3.68,58.30,-15.73,83.39,0.08,77.70,-0.31,86.80,0.00,76.90,0.87,72.56,-1.23,97.36,1.43,75.27,-0.16,75.64,-1.80,87.49,-7.62,68.34,3.09,75.24,0.20,61.47,-0.55,90.00,0.66,86.25,0.71,99.50,7.19,115.64,-3.20,99.47,-1.07,73.83,4.04,42.97,-4.91,47.40,-3.50,33.07,-6.95,-,-,55.36,-1.69,-,-,56.81,-12.69,25.90,-11.69,32.47,-9.76,61.71,0.92,-,-,-,-,-,-,-,-,-,-,344.67,5.02,430.49,5.74,-,-,-,-,247.47,8.65,-,-,-,-,-,-,-,-,-,-,350.95,-1.15,165.26,0.74,-,-,-,-,-,-,-,-,-,-,-,-,114.09,1.16,111.29,-0.27,75.40,-0.87,71.76,0.08,-,-,-,-,72.08,1.05,86.45,-1.79,73.32,2.53,95.84,0.00,54.11,2.99,64.60,-0.68,78.58,0.67,-,-,-,-,-,-,94.60,0.84,63.80,20.76,105.43,0.00,62.53,0.00,78.99,0.18,95.40,-1.50
1982M12,83.46,-0.78,54.44,1.62,56.45,1.62,55.67,-5.64,69.91,-0.50,63.18,-11.57,36.42,1.51,52.28,32.39,-,-,93.22,-1.98,85.87,6.45,87.07,13.61,82.10,-4.73,24.96,0.77,39.87,-4.16,46.73,-9.00,42.72,-14.23,46.64,1.52,38.16,1.81,30.88,2.73,-,-,-,-,-,-,90.75,-1.41,66.95,0.89,-,-,62.96,10.55,61.79,3.12,-,-,46.58,-7.41,-,-,-,-,-,-,-,-,80.46,0.73,68.18,0.00,106.62,1.48,54.29,0.00,70.87,-5.73,55.37,-7.70,76.29,-4.00,100.70,-2.26,85.53,2.60,80.00,2.49,-,-,-,-,122.72,3.12,54.36,3.64,58.15,0.26,63.96,-3.88,61.82,-7.58,72.09,-6.34,57.99,-4.40,62.57,-11.54,86.63,0.13,49.39,-0.32,51.42,-8.29,84.44,-3.20,47.08,-7.87,57.05,-0.61,61.33,-3.60,57.75,-15.62,83.49,0.19,77.82,-0.15,86.89,0.10,77.55,1.70,72.38,-1.48,97.51,1.58,74.72,-0.66,75.29,-1.81,87.08,-6.97,68.04,2.47,74.66,-0.40,61.35,-0.54,88.98,-0.32,86.38,0.89,99.87,7.38,115.24,-3.23,99.80,-0.78,73.68,3.85,42.37,-5.25,46.65,-4.13,32.31,-8.11,-,-,54.59,-2.29,-,-,56.81,-10.20,25.70,-11.59,32.58,-9.53,60.85,-0.47,-,-,-,-,-,-,-,-,-,-,342.86,4.50,426.71,4.68,-,-,-,-,244.93,7.90,-,-,-,-,-,-,-,-,-,-,351.51,-1.72,163.49,0.09,-,-,-,-,-,-,-,-,-,-,-,-,111.87,-0.84,111.10,-0.04,75.24,-1.22,71.40,-0.78,-,-,-,-,71.98,1.10,86.45,-0.03,73.31,2.62,95.84,0.00,53.69,1.23,64.53,-0.78,77.84,0.36,-,-,-,-,-,-,94.60,0.84,63.80,20.76,105.43,0.00,62.53,0.00,78.54,-0.61,94.89,-1.91
1983M01,83.06,-0.89,53.60,-1.22,54.58,-1.53,56.30,-3.55,70.26,-1.21,64.40,-6.40,28.58,-1.24,49.10,3.09,-,-,91.63,-1.24,86.29,5.31,87.67,10.54,82.14,-3.34,24.71,-3.06,40.24,-7.49,46.76,-10.04,41.62,-15.48,48.74,0.04,38.85,-4.64,30.34,1.95,-,-,-,-,-,-,90.51,-1.11,66.95,1.16,-,-,61.60,6.72,61.79,3.12,-,-,46.77,-6.81,-,-,-,-,-,-,-,-,80.37,0.65,68.11,-0.10,106.48,1.41,54.29,0.00,70.80,-4.31,55.53,-6.86,75.96,-1.99,100.59,-0.01,85.30,3.72,80.07,3.92,-,-,-,-,120.52,2.85,54.01,4.23,58.74,1.68,63.81,-3.99,61.67,-7.64,71.59,-5.90,57.84,-4.68,62.57,-11.54,86.63,0.00,49.41,-0.26,51.05,-6.98,84.06,-2.74,46.72,-5.52,56.39,-1.74,60.85,-4.62,57.40,-13.03,83.47,0.10,77.76,-0.09,86.77,-0.03,77.52,1.87,72.35,-1.32,97.64,1.03,74.52,-0.89,75.43,-2.15,87.83,-8.07,67.81,2.88,74.36,-0.61,61.32,-0.42,88.45,-0.75,86.69,0.50,100.37,8.58,116.80,-1.68,100.11,-2.46,72.69,3.16,42.13,-5.58,46.29,-4.71,32.06,-8.76,-,-,54.14,-2.85,-,-,57.20,-9.45,25.74,-10.97,33.12,-7.38,60.28,-1.41,-,-,-,-,-,-,-,-,-,-,332.69,-0.91,423.25,1.99,-,-,-,-,243.83,7.52,-,-,-,-,-,-,-,-,-,-,349.18,-0.92,161.99,-0.81,-,-,-,-,-,-,-,-,-,-,-,-,111.78,-0.29,111.00,0.11,75.10,-1.12,71.21,-0.45,-,-,-,-,71.94,1.78,86.45,-0.03,73.58,4.34,95.84,0.00,53.40,2.10,64.47,-1.07,77.82,2.05,-,-,-,-,-,-,94.60,0.00,63.80,0.00,105.43,0.00,62.53,0.00,78.46,-0.05,94.50,-1.95
1983M02,83.03,-0.95,53.81,0.13,54.79,-1.01,55.91,-4.53,70.46,-1.47,63.18,-8.22,33.44,16.96,48.16,3.39,-,-,90.67,-2.87,84.53,7.82,85.70,13.42,80.84,-1.26,24.62,-3.38,41.89,-4.10,47.10,-11.20,41.32,-15.19,50.16,-4.44,41.90,4.33,30.32,1.54,-,-,-,-,-,-,90.43,-1.35,66.57,0.18,-,-,60.21,5.06,61.79,3.10,-,-,46.95,-6.16,-,-,-,-,-,-,-,-,80.01,0.19,68.11,-0.10,105.50,0.46,54.29,0.00,70.95,-4.68,55.90,-5.81,75.79,-3.75,100.60,-1.72,85.64,3.17,80.44,3.70,-,-,-,-,120.52,0.74,54.26,4.87,57.73,-0.22,63.81,-3.71,61.68,-6.39,71.71,-5.13,57.82,-4.57,62.57,-8.92,86.63,0.00,49.36,-0.38,50.97,-7.56,84.03,-3.14,46.69,-5.79,56.39,-1.74,60.25,-5.53,57.64,-13.74,83.45,-0.01,77.75,-0.17,86.77,-0.03,77.55,1.87,72.32,-1.48,97.53,0.81,74.22,-0.44,75.10,-1.52,86.60,-7.51,68.01,3.48,74.07,-0.20,60.90,-0.77,88.25,0.09,86.74,0.56,100.37,8.68,117.39,-0.44,100.03,-2.71,72.69,2.34,42.34,-5.26,46.41,-4.70,32.49,-7.80,-,-,54.06,-3.26,-,-,57.96,-8.25,26.19,-9.13,33.87,-4.35,60.50,-1.19,-,-,-,-,-,-,-,-,-,-,331.76,-1.38,422.38,1.35,-,-,-,-,243.83,6.96,-,-,-,-,-,-,-,-,-,-,349.18,1.40,161.49,-1.01,-,-,-,-,-,-,-,-,-,-,-,-,111.75,-1.15,111.00,0.03,75.09,-1.24,71.09,-0.70,-,-,-,-,72.00,1.84,86.45,-0.03,73.58,4.06,95.84,0.00,53.58,2.64,64.70,-0.72,77.57,0.52,-,-,-,-,-,-,94.60,0.00,63.80,0.00,105.43,0.00,62.53,0.00,78.31,-0.37,94.48,-1.99
1983M03,82.59,-1.54,54.55,2.02,56.59,2.24,56.20,-5.85,71.02,-6.45,63.28,-4.97,44.14,68.09,47.69,4.10,-,-,91.35,-2.34,84.08,7.96,85.88,15.54,79.30,-4.04,24.60,-3.64,41.45,-3.18,47.23,-9.54,40.49,-15.12,52.08,-0.12,40.90,4.52,27.02,-9.84,-,-,-,-,-,-,90.52,-1.35,66.69,-1.17,-,-,59.63,0.13,61.79,3.07,-,-,47.05,-5.18,-,-,-,-,-,-,-,-,80.01,-0.49,68.11,-0.10,105.51,-0.89,54.29,0.00,71.44,-3.52,56.57,-3.84,75.89,-3.45,101.23,-1.34,86.56,4.25,81.46,5.35,-,-,-,-,120.74,-0.77,54.62,5.46,57.86,-0.12,63.83,-3.26,61.69,-4.93,71.57,-4.16,57.88,-4.16,62.57,-6.15,86.63,0.00,47.78,-3.57,51.08,-6.75,83.66,-3.43,46.73,-5.06,56.39,-1.74,60.54,-4.45,57.88,-12.57,83.39,-0.10,77.70,-0.24,86.51,-0.33,77.57,1.86,72.34,-1.48,97.53,0.81,74.43,-0.24,76.24,0.86,86.60,-4.67,69.80,5.28,74.09,-0.48,60.92,-1.52,88.28,0.15,87.00,1.17,101.69,10.44,117.34,-0.14,99.95,-2.39,73.02,2.66,43.40,-2.78,47.50,-2.42,34.02,-3.21,-,-,54.86,-1.97,-,-,59.24,-6.01,27.81,-2.56,33.21,-4.24,60.96,-0.83,-,-,-,-,-,-,-,-,-,-,332.28,-1.56,423.04,1.08,-,-,-,-,244.32,6.38,-,-,-,-,-,-,-,-,-,-,349.32,1.22,161.30,-1.19,-,-,-,-,-,-,-,-,-,-,-,-,111.74,-1.27,111.08,0.13,75.08,-1.25,71.01,-0.82,-,-,-,-,72.05,1.56,86.45,-0.03,73.58,3.17,95.84,0.00,53.72,2.54,64.83,-0.52,77.68,1.49,-,-,-,-,-,-,93.34,-1.33,63.80,0.00,103.82,-1.53,62.53,0.00,78.51,-0.42,94.37,-2.09
1983M04,82.72,-1.57,55.89,3.67,59.21,6.99,57.60,-4.90,72.84,-7.00,64.77,-2.06,45.50,76.15,55.55,26.25,-,-,92.72,-1.05,82.89,2.88,85.50,6.53,76.67,-3.60,24.68,-3.37,42.23,-1.88,48.42,-6.38,40.35,-12.72,55.53,3.66,41.38,3.37,27.03,-9.66,-,-,-,-,-,-,90.49,-1.52,67.21,-2.13,-,-,58.87,-3.63,61.79,3.07,-,-,47.22,-4.02,-,-,-,-,-,-,-,-,79.86,-0.51,68.11,-0.10,105.14,-0.90,54.29,0.00,71.95,-2.74,57.15,-2.32,76.24,-3.29,101.44,-1.61,86.04,2.73,80.63,3.31,-,-,-,-,122.44,0.13,55.22,5.93,57.33,-1.38,63.88,-2.65,61.72,-3.62,71.59,-1.65,57.93,-3.80,62.57,-4.34,86.63,0.00,46.23,-6.42,51.31,-4.91,83.63,-3.37,46.71,-3.39,56.39,-1.74,60.65,-2.74,58.76,-9.49,82.78,-0.64,76.97,-0.95,86.51,-0.33,77.69,2.01,70.66,-3.22,97.59,0.82,74.46,-0.44,75.97,0.49,85.82,-6.46,69.84,6.17,74.15,-0.70,60.90,-1.33,88.43,-0.27,87.15,1.80,102.32,11.12,117.45,1.79,99.44,-2.76,74.28,4.80,43.43,-2.21,47.48,-2.32,34.11,-2.90,-,-,54.63,-2.27,-,-,59.24,-1.63,28.13,-0.50,33.45,-4.37,61.15,-0.46,-,-,-,-,-,-,-,-,-,-,339.65,-0.06,423.34,0.60,-,-,-,-,340.70,47.78,-,-,-,-,-,-,-,-,-,-,349.35,2.19,161.54,-1.12,-,-,-,-,-,-,-,-,-,-,-,-,111.95,-1.04,111.09,0.21,75.03,-1.43,71.03,-1.31,-,-,-,-,72.05,1.64,86.45,-0.03,73.69,3.80,95.84,0.00,53.74,2.34,64.85,-0.51,77.31,-0.10,-,-,-,-,-,-,91.81,-2.95,63.80,0.00,101.86,-3.39,62.53,0.00,78.73,-0.96,94.12,-2.00
1983M05,82.61,-2.09,54.92,-0.27,57.42,2.28,56.92,-4.59,70.90,-8.14,65.27,0.31,37.53,19.87,53.78,18.17,-,-,93.09,-1.04,81.97,-4.21,84.79,-4.38,75.39,-3.91,24.65,-3.75,42.63,-0.86,46.34,-8.78,40.73,-4.41,49.20,-14.82,44.08,8.09,26.99,-10.63,-,-,-,-,-,-,90.56,-1.58,67.01,-3.54,-,-,58.30,-8.23,61.78,3.04,-,-,47.64,-3.11,-,-,-,-,-,-,-,-,79.86,-0.42,68.11,-0.10,105.13,-0.76,54.29,0.00,72.38,-1.92,57.84,-1.04,76.22,-2.88,101.41,-1.69,86.40,1.75,81.08,2.44,-,-,-,-,122.17,-1.20,56.06,6.84,57.51,-1.99,64.30,-2.03,62.03,-2.87,71.83,-1.55,58.52,-2.89,62.57,-3.47,86.63,0.00,46.21,-6.46,51.48,-3.52,83.66,-2.60,46.46,-3.23,56.39,-1.74,61.24,-1.59,59.34,-6.06,82.79,-0.71,76.96,-1.07,86.54,-0.30,77.69,1.94,70.62,-3.47,97.68,0.91,75.00,0.40,76.07,0.40,86.14,-4.46,69.82,4.22,74.82,0.39,62.56,1.49,88.25,-0.28,86.85,1.26,102.70,11.26,117.39,1.66,98.64,-3.69,74.04,4.02,43.16,-3.01,46.98,-3.73,33.66,-4.62,-,-,54.15,-3.60,-,-,60.39,0.78,28.34,1.03,33.69,-2.88,61.51,0.23,-,-,-,-,-,-,-,-,-,-,339.38,-0.30,423.10,-0.37,-,-,-,-,340.52,43.35,-,-,-,-,-,-,-,-,-,-,349.32,2.22,161.54,-1.85,-,-,-,-,-,-,-,-,-,-,-,-,111.94,-1.37,111.11,-0.51,74.87,-1.04,71.02,-0.87,-,-,-,-,72.05,1.49,86.45,1.35,73.69,3.67,95.84,0.00,53.68,0.52,64.92,0.11,77.26,-0.60,-,-,-,-,-,-,91.81,-2.95,63.80,0.00,101.86,-3.39,62.53,0.00,78.95,-1.10,94.07,-2.00
1983M06,82.82,-1.55,54.96,1.22,58.00,5.45,56.17,-2.23,68.95,-7.06,65.63,4.54,52.34,50.14,47.36,13.44,-,-,92.64,-1.52,82.73,-3.85,85.77,-2.61,75.74,-6.25,24.08,-5.49,41.32,-1.60,46.60,-6.87,41.62,-3.21,48.32,-12.11,41.20,4.44,27.06,-10.69,-,-,-,-,-,-,90.79,-1.12,66.87,-2.42,-,-,56.90,-13.88,62.67,4.47,-,-,47.64,-1.67,-,-,-,-,-,-,-,-,79.88,-0.44,68.11,-0.10,105.17,-0.78,54.29,0.00,72.82,-0.34,58.48,1.33,76.33,-1.95,101.56,-1.78,86.70,1.71,81.38,2.16,-,-,-,-,122.45,-0.37,56.96,8.00,57.79,-1.88,64.74,0.31,62.35,-1.13,71.89,-1.03,59.18,0.92,62.57,-3.47,86.63,0.00,46.28,-6.52,52.08,-2.40,83.68,-1.60,47.36,-1.72,56.39,-1.74,61.46,-0.90,60.38,-4.66,82.74,-0.90,76.91,-1.28,86.54,-0.30,77.71,1.93,70.49,-3.96,97.68,0.89,75.19,0.52,76.45,0.87,86.86,-3.94,70.00,4.70,74.97,0.46,62.67,2.25,88.42,-0.63,86.96,1.20,102.79,10.79,117.06,1.27,98.85,-3.63,74.50,4.66,43.55,-1.47,47.28,-2.52,34.57,-0.86,-,-,54.12,-3.24,-,-,63.15,5.39,28.47,3.26,33.89,0.56,61.77,0.31,-,-,-,-,-,-,-,-,-,-,340.31,-0.69,424.20,-0.82,-,-,-,-,341.91,43.06,-,-,-,-,-,-,-,-,-,-,349.55,1.67,161.97,-1.53,-,-,-,-,-,-,-,-,-,-,-,-,112.03,-1.06,111.12,-0.72,74.89,-1.06,71.08,-1.02,-,-,-,-,71.94,1.38,86.45,1.35,73.00,2.70,95.84,0.00,53.86,0.99,64.95,0.23,77.65,-0.30,-,-,-,-,-,-,91.81,-2.95,63.80,0.00,101.86,-3.39,62.53,0.00,79.01,-0.79,94.39,-1.53
1983M07,82.78,-1.21,53.91,1.74,55.81,2.95,55.33,-1.14,66.83,-6.11,65.89,5.46,47.34,28.33,42.30,3.78,-,-,92.34,-0.22,81.02,-4.02,84.11,-1.94,74.02,-7.91,24.05,-6.09,42.72,9.76,48.13,6.67,43.82,4.31,48.36,10.97,42.64,13.13,27.02,-11.35,-,-,-,-,-,-,90.97,-0.68,66.49,-1.42,-,-,55.76,-18.37,62.87,3.42,-,-,47.69,0.21,-,-,-,-,-,-,-,-,79.76,-0.61,68.11,-0.10,104.87,-1.11,54.29,0.00,73.02,0.32,58.73,2.17,76.37,-1.51,102.52,-0.70,86.73,-0.38,81.44,-0.26,-,-,-,-,122.18,-1.07,56.82,7.03,57.70,-2.24,66.39,2.95,63.75,1.51,72.35,-0.52,61.49,4.95,63.24,-1.42,86.96,0.38,46.28,-6.45,52.11,-0.71,83.52,-1.67,47.08,-0.11,56.39,-1.74,61.89,0.03,60.59,-1.25,82.79,-0.79,76.95,-1.17,86.88,0.09,77.74,1.93,70.34,-4.01,97.82,1.03,76.32,1.83,77.36,2.55,87.57,-0.45,71.03,4.84,76.16,1.67,64.00,4.56,89.55,-0.03,87.85,3.35,102.97,10.76,120.93,4.78,99.58,-0.71,74.23,4.28,44.46,0.72,48.23,-0.72,35.17,1.21,-,-,55.21,-1.92,-,-,65.75,9.73,29.07,9.12,33.52,3.91,61.89,-0.29,-,-,-,-,-,-,-,-,-,-,337.16,-1.07,423.35,-0.91,-,-,-,-,341.14,41.52,-,-,-,-,-,-,-,-,-,-,348.42,-0.41,161.72,-1.44,-,-,-,-,-,-,-,-,-,-,-,-,111.98,-1.32,110.79,-0.94,75.13,-0.70,71.05,-0.88,-,-,-,-,71.89,0.60,86.45,1.35,73.00,1.77,95.84,0.00,53.78,-0.50,64.96,0.67,77.50,-0.22,-,-,-,-,-,-,91.81,-2.95,63.80,0.00,101.86,-3.39,62.53,0.00,79.00,-0.48,94.68,-1.07
1983M08,83.00,-1.37,53.67,-2.93,55.21,-3.92,56.05,1.41,67.19,-4.99,67.38,10.12,40.50,-28.38,42.16,-0.71,-,-,93.31,-0.38,83.25,-7.45,84.06,-3.78,80.18,-13.54,24.15,-4.36,41.49,7.88,45.64,2.68,41.31,-2.41,46.32,12.32,42.39,13.46,27.08,-11.96,-,-,-,-,-,-,91.33,-0.25,66.78,-1.26,-,-,58.20,-14.30,63.25,3.13,-,-,47.74,1.34,-,-,-,-,-,-,-,-,79.41,-1.07,68.11,-0.10,103.95,-2.04,54.29,0.00,73.53,2.24,59.36,5.38,76.64,-0.82,102.59,0.94,87.94,1.00,82.77,1.45,-,-,-,-,122.61,-1.07,57.11,6.63,57.85,-2.21,66.74,3.63,64.02,2.42,72.72,-0.07,61.96,5.97,63.24,-0.47,86.96,0.38,46.28,-6.49,52.68,1.41,83.25,-1.93,48.38,2.89,56.39,-1.74,62.32,1.15,60.83,2.13,82.90,-0.99,77.12,-1.42,86.88,0.09,77.86,1.18,70.66,-4.12,97.71,0.89,76.44,1.43,77.32,1.96,87.13,-2.02,71.22,5.04,76.31,1.33,64.17,4.80,89.67,-0.74,87.45,2.34,100.67,7.95,121.03,4.90,99.74,-1.40,74.23,3.83,44.44,1.46,47.97,-0.62,34.52,0.35,-,-,55.35,-1.09,-,-,67.15,13.60,30.00,14.16,33.48,5.48,62.25,1.22,-,-,-,-,-,-,-,-,-,-,336.40,-1.74,424.69,-0.95,-,-,-,-,342.42,40.76,-,-,-,-,-,-,-,-,-,-,348.12,-0.51,162.11,-1.19,-,-,-,-,-,-,-,-,-,-,-,-,112.07,-1.47,110.78,-1.18,75.19,-0.73,71.11,-0.97,-,-,-,-,72.05,0.24,86.45,1.35,73.00,-0.23,95.84,0.00,54.19,-0.20,64.99,0.25,77.74,-0.89,-,-,-,-,-,-,91.81,-2.95,63.80,0.00,101.86,-3.39,62.53,0.00,79.34,0.06,94.96,-0.71
1983M09,83.03,-1.01,53.72,-1.63,55.70,-2.59,56.57,2.19,66.78,-5.50,69.20,12.56,41.18,-8.04,40.42,-19.05,-,-,96.14,2.66,81.53,-6.93,78.53,-9.81,85.26,-1.76,24.38,-3.37,41.52,10.28,46.25,6.20,42.54,1.29,45.68,15.76,41.90,14.70,27.05,-12.15,-,-,-,-,-,-,91.36,0.08,66.92,-0.54,-,-,62.90,-5.10,63.25,3.13,-,-,49.00,4.57,-,-,-,-,-,-,-,-,79.34,-1.20,68.11,-0.10,103.76,-2.28,54.29,0.00,73.83,3.01,59.81,6.75,76.73,-0.51,102.59,0.81,88.31,1.81,83.20,2.36,-,-,-,-,122.55,-0.71,56.06,3.78,57.79,-2.12,66.75,4.15,64.00,3.18,72.50,0.39,61.99,6.62,63.24,0.56,86.96,0.38,46.28,-6.49,52.83,2.03,83.28,-1.72,48.44,2.87,56.39,-1.74,62.42,1.50,61.26,3.99,82.53,-1.08,76.63,-1.59,86.88,0.09,77.62,0.86,69.72,-4.34,97.81,0.92,76.72,2.16,77.75,3.92,88.74,1.42,70.94,5.80,76.55,1.77,64.11,4.48,90.19,0.14,87.16,1.43,100.87,7.80,118.77,2.92,99.71,-2.42,74.23,3.85,44.26,1.56,47.77,-0.44,34.70,2.00,-,-,54.83,-1.46,-,-,68.59,15.57,29.18,10.91,33.36,3.09,62.22,1.73,-,-,-,-,-,-,-,-,-,-,336.04,-1.16,424.54,0.46,-,-,-,-,342.25,40.48,-,-,-,-,-,-,-,-,-,-,348.08,-0.53,162.20,-0.78,-,-,-,-,-,-,-,-,-,-,-,-,112.23,-1.32,110.80,-1.01,75.15,-0.49,70.98,-0.95,-,-,-,-,72.56,0.97,86.45,0.83,73.00,-0.25,95.84,0.00,55.56,3.00,64.99,0.62,77.53,-1.20,-,-,-,-,-,-,91.81,-2.95,63.80,0.00,101.86,-3.39,62.53,0.00,79.34,0.25,95.04,-0.30
1983M10,83.00,-0.67,53.52,0.06,56.46,2.04,55.18,-0.27,65.06,-6.48,67.57,7.75,44.82,28.39,44.24,-9.34,-,-,96.23,3.51,76.67,-10.99,71.76,-16.90,83.83,-0.30,24.56,-2.23,42.00,10.91,46.98,6.60,43.49,1.75,45.91,16.35,42.23,15.67,27.06,-12.29,-,-,-,-,-,-,91.35,0.29,65.71,-1.87,-,-,61.92,-6.08,63.24,3.11,-,-,49.39,5.85,-,-,-,-,-,-,-,-,79.34,-1.21,68.11,-0.10,103.75,-2.31,54.29,0.00,74.17,4.23,60.30,8.47,76.75,0.10,103.03,2.35,88.43,1.91,83.35,2.38,-,-,-,-,122.49,-0.30,56.42,4.10,57.88,-2.38,66.75,4.22,64.01,3.19,72.54,-0.06,61.99,6.84,63.24,0.56,86.96,0.38,46.28,-6.30,53.49,3.52,82.98,-2.00,49.21,4.46,56.39,-1.74,63.18,2.73,62.36,6.63,82.43,-1.14,76.35,-1.72,85.92,-1.01,77.62,0.84,69.69,-3.86,98.37,1.04,76.79,2.92,77.83,4.13,89.11,2.30,70.84,5.50,76.63,2.65,64.22,4.97,90.26,1.28,87.01,1.74,100.86,6.56,118.84,3.01,99.54,-0.63,73.35,-0.31,44.31,2.45,48.05,0.67,35.26,4.51,-,-,54.95,-0.90,-,-,67.87,19.47,28.33,8.34,32.81,2.44,62.41,1.79,-,-,-,-,-,-,-,-,-,-,335.22,-1.78,424.34,-0.27,-,-,-,-,342.09,40.02,-,-,-,-,-,-,-,-,-,-,348.07,-0.59,161.72,-1.16,-,-,-,-,-,-,-,-,-,-,-,-,112.29,-1.33,110.79,-0.49,75.25,-0.11,71.32,-0.31,-,-,-,-,72.87,1.26,86.45,0.00,74.01,0.95,95.84,0.00,55.55,3.31,64.98,0.43,76.87,-1.52,-,-,-,-,-,-,91.81,-2.95,63.80,0.00,101.86,-3.39,62.53,0.00,79.13,0.29,95.25,0.05
1983M11,83.12,-0.78,53.31,-0.67,57.05,2.79,56.27,1.42,66.97,-3.15,68.20,7.30,40.32,30.61,45.35,-12.99,-,-,99.56,6.63,75.88,-11.91,69.53,-19.90,85.60,2.77,23.08,-7.61,41.40,7.90,46.43,5.14,42.85,2.96,45.60,9.14,41.51,10.81,27.09,-13.09,-,-,-,-,-,-,91.53,0.30,65.77,-1.73,-,-,61.10,-5.07,63.24,2.35,-,-,49.50,6.54,-,-,-,-,-,-,-,-,79.34,-1.23,68.11,-0.10,103.76,-2.36,54.29,0.00,75.06,5.21,61.66,10.78,76.88,-0.13,103.14,2.18,89.06,2.98,84.03,3.86,-,-,-,-,122.67,-1.05,56.51,3.88,57.86,-1.55,66.83,4.34,64.43,3.90,72.50,0.19,62.09,6.98,64.24,2.15,86.96,0.38,46.27,-6.34,53.71,3.93,82.90,-2.23,49.32,4.36,56.39,-1.74,63.27,2.93,63.06,8.16,82.54,-1.02,76.49,-1.56,85.92,-1.01,77.61,0.92,70.02,-3.50,98.34,1.01,76.99,2.29,77.65,2.66,88.01,0.59,71.22,4.21,76.92,2.23,64.29,4.59,90.71,0.79,86.71,0.53,100.18,0.68,117.98,2.02,99.61,0.14,72.98,-1.15,44.17,2.79,47.88,1.01,35.08,6.08,-,-,54.85,-0.92,-,-,67.55,18.91,28.23,9.00,33.18,2.19,62.35,1.04,-,-,-,-,-,-,-,-,-,-,335.51,-2.66,424.87,-1.31,-,-,-,-,342.60,38.44,-,-,-,-,-,-,-,-,-,-,348.15,-0.80,162.06,-1.94,-,-,-,-,-,-,-,-,-,-,-,-,112.06,-1.78,110.85,-0.40,75.28,-0.16,71.33,-0.60,-,-,-,-,72.89,1.12,86.44,-0.01,74.01,0.94,95.84,0.00,55.63,2.81,65.00,0.62,76.98,-2.04,-,-,-,-,-,-,91.81,-2.95,63.80,0.00,101.86,-3.39,62.53,0.00,79.40,0.52,95.32,-0.08
1983M12,83.08,-0.46,52.78,-3.05,55.60,-1.51,57.87,3.95,69.18,-1.04,69.77,10.43,25.86,-29.00,45.48,-13.01,-,-,99.82,7.08,74.05,-13.76,68.88,-20.89,81.71,-0.48,24.62,-1.36,42.38,6.30,47.30,1.22,43.94,2.86,45.90,-1.59,42.68,11.84,27.09,-12.27,-,-,-,-,-,-,91.59,0.93,66.43,-0.78,-,-,61.10,-2.95,63.39,2.59,-,-,49.73,6.76,-,-,-,-,-,-,-,-,79.34,-1.39,68.11,-0.10,103.76,-2.68,54.29,0.00,75.15,6.04,61.73,11.49,77.00,0.93,103.18,2.46,88.67,3.67,83.52,4.40,-,-,-,-,123.11,0.32,57.66,6.07,57.83,-0.55,66.86,4.53,64.45,4.25,72.58,0.68,62.10,7.09,64.24,2.67,86.96,0.38,46.24,-6.38,53.47,3.99,82.69,-2.07,48.95,3.97,55.25,-3.16,63.39,3.36,62.87,8.87,82.71,-0.93,76.71,-1.43,85.92,-1.12,78.17,0.80,70.17,-3.05,98.33,0.84,76.77,2.74,77.44,2.86,87.26,0.21,71.32,4.82,76.69,2.72,64.02,4.35,90.56,1.78,86.47,0.10,100.19,0.32,117.90,2.31,99.16,-0.64,72.52,-1.57,44.23,4.39,47.94,2.77,35.49,9.84,-,-,54.73,0.26,-,-,67.37,18.59,28.29,10.08,33.33,2.30,62.56,2.81,-,-,-,-,-,-,-,-,-,-,335.63,-2.11,424.97,-0.41,-,-,-,-,342.69,39.91,-,-,-,-,-,-,-,-,-,-,348.15,-0.96,161.20,-1.40,-,-,-,-,-,-,-,-,-,-,-,-,112.07,0.18,110.85,-0.23,75.29,0.07,71.32,-0.11,-,-,-,-,72.89,1.26,86.44,-0.01,74.01,0.95,95.84,0.00,55.64,3.63,65.00,0.73,77.11,-0.94,-,-,-,-,-,-,91.81,-2.95,63.80,0.00,101.86,-3.39,62.53,0.00,79.64,1.40,95.22,0.35
1984M01,83.14,0.10,52.58,-1.90,55.32,1.36,58.45,3.82,70.50,0.34,69.74,8.29,23.72,-17.00,44.80,-8.76,-,-,99.51,8.60,74.49,-13.67,69.18,-21.09,82.45,0.38,25.16,1.82,41.40,2.88,46.20,-1.20,43.27,3.96,44.21,-9.29,41.71,7.36,27.06,-10.81,-,-,-,-,-,-,91.72,1.34,66.49,-0.69,-,-,60.82,-1.27,63.48,2.74,-,-,50.05,7.01,-,-,-,-,-,-,-,-,79.14,-1.53,68.11,0.00,103.23,-3.05,54.29,0.00,75.57,6.74,62.36,12.30,77.03,1.41,103.22,2.61,88.64,3.92,83.63,4.45,-,-,-,-,122.09,1.30,57.72,6.87,57.73,-1.72,66.69,4.51,64.25,4.18,71.47,-0.17,62.04,7.26,64.24,2.67,86.96,0.38,46.24,-6.42,53.62,5.03,82.56,-1.78,49.14,5.18,55.25,-2.02,63.45,4.27,63.20,10.10,82.86,-0.73,76.91,-1.09,85.76,-1.16,78.58,1.37,70.46,-2.61,98.34,0.72,77.05,3.40,77.25,2.41,86.90,-1.06,71.26,5.09,77.07,3.64,63.91,4.22,91.34,3.27,86.33,-0.42,100.18,-0.19,118.04,1.06,98.90,-1.21,71.99,-0.96,44.27,5.08,47.93,3.54,35.62,11.10,-,-,54.59,0.83,-,-,68.26,19.34,28.33,10.06,33.30,0.54,62.60,3.85,-,-,-,-,-,-,-,-,-,-,335.77,0.93,424.87,0.38,-,-,-,-,342.60,40.51,-,-,-,-,-,-,-,-,-,-,343.68,-1.58,161.10,-0.55,-,-,-,-,-,-,-,-,-,-,-,-,112.06,0.25,110.85,-0.14,75.32,0.29,71.30,0.13,-,-,-,-,73.34,1.95,86.44,-0.01,74.01,0.58,95.84,0.00,56.85,6.46,65.00,0.82,77.09,-0.94,-,-,-,-,-,-,91.81,-2.95,63.80,0.00,101.86,-3.39,62.53,0.00,79.80,1.71,95.33,0.88
1984M02,83.18,0.18,52.56,-2.32,56.14,2.46,60.11,7.51,72.63,3.08,71.59,13.31,25.51,-23.71,44.96,-6.64,-,-,98.50,8.64,72.13,-14.67,67.05,-21.76,79.64,-1.48,24.26,-1.46,41.68,-0.50,45.96,-2.42,42.03,1.72,45.81,-8.67,42.51,1.46,27.03,-10.85,-,-,-,-,-,-,91.80,1.51,66.60,0.05,-,-,60.73,0.86,63.48,2.74,-,-,49.93,6.35,-,-,-,-,-,-,-,-,78.74,-1.59,68.11,0.00,102.17,-3.16,54.29,0.00,76.23,7.44,62.98,12.67,77.61,2.40,104.20,3.58,88.95,3.87,84.46,5.00,-,-,-,-,118.86,-1.38,58.03,6.95,57.54,-0.33,66.91,4.86,64.88,5.19,73.05,1.87,62.06,7.33,65.25,4.28,86.96,0.38,46.24,-6.32,53.74,5.43,82.61,-1.69,48.82,4.56,55.25,-2.02,63.44,5.29,64.12,11.24,82.81,-0.77,76.83,-1.18,85.58,-1.37,78.58,1.33,70.39,-2.67,98.39,0.88,76.74,3.40,77.04,2.58,86.03,-0.66,71.40,4.98,76.73,3.59,63.41,4.12,91.16,3.30,86.22,-0.60,100.27,-0.10,118.08,0.59,98.58,-1.45,71.87,-1.13,44.16,4.30,47.82,3.04,35.48,9.20,-,-,54.45,0.72,-,-,67.25,16.03,28.48,8.74,33.22,-1.92,62.61,3.49,-,-,-,-,-,-,-,-,-,-,335.63,1.17,424.72,0.55,-,-,-,-,342.31,40.39,-,-,-,-,-,-,-,-,-,-,343.65,-1.58,160.50,-0.61,-,-,-,-,-,-,-,-,-,-,-,-,111.99,0.21,110.83,-0.15,75.32,0.31,71.29,0.28,-,-,-,-,73.33,1.85,86.44,-0.01,74.01,0.58,95.84,0.00,56.82,6.05,64.99,0.45,77.19,-0.49,-,-,-,-,-,-,91.81,-2.95,63.80,0.00,101.86,-3.39,62.53,0.00,80.03,2.20,95.30,0.87
1984M03,83.55,1.16,53.72,-1.52,57.88,2.28,61.83,10.02,75.86,6.81,72.29,14.24,27.36,-38.02,48.80,2.33,-,-,98.29,7.60,72.51,-13.76,66.91,-22.09,80.93,2.06,24.60,0.00,42.34,2.15,46.48,-1.59,41.15,1.63,48.83,-6.24,43.37,6.04,27.01,-0.04,-,-,-,-,-,-,92.05,1.69,67.78,1.63,-,-,61.29,2.78,63.48,2.74,-,-,50.03,6.33,-,-,-,-,-,-,-,-,78.73,-1.60,68.11,0.00,102.13,-3.20,54.29,0.00,76.76,7.45,63.25,11.81,78.43,3.35,104.03,2.77,89.29,3.15,84.92,4.25,-,-,-,-,118.46,-1.89,59.18,8.35,57.88,0.03,67.62,5.94,65.64,6.40,74.10,3.54,62.93,8.72,65.75,5.08,86.96,0.38,46.24,-3.22,53.70,5.13,82.59,-1.28,48.70,4.22,55.25,-2.02,63.37,4.67,64.23,10.97,82.71,-0.82,76.70,-1.29,85.28,-1.42,78.56,1.28,70.29,-2.83,98.39,0.88,76.54,2.83,76.57,0.43,84.64,-2.26,71.49,2.42,76.59,3.37,63.23,3.79,91.02,3.10,85.61,-1.60,98.98,-2.66,118.10,0.65,97.67,-2.28,72.18,-1.15,44.13,1.68,47.76,0.55,35.33,3.85,-,-,54.44,-0.77,-,-,66.67,12.54,28.86,3.78,33.55,1.02,62.47,2.48,-,-,-,-,-,-,-,-,-,-,334.54,0.68,423.42,0.09,-,-,-,-,341.05,39.59,-,-,-,-,-,-,-,-,-,-,343.40,-1.69,160.08,-0.76,-,-,-,-,-,-,-,-,-,-,-,-,111.79,0.04,110.98,-0.09,75.26,0.24,71.21,0.28,-,-,-,-,73.33,1.78,86.44,-0.01,74.00,0.57,95.84,0.00,56.84,5.81,64.95,0.19,76.92,-0.98,-,-,-,-,-,-,91.81,-1.64,63.80,0.00,101.86,-1.89,62.53,0.00,80.63,2.70,95.24,0.92
1984M04,83.56,1.02,53.99,-3.40,58.21,-1.69,61.39,6.58,76.16,4.56,70.79,9.29,31.56,-30.64,46.05,-17.10,-,-,100.60,8.50,73.02,-11.91,67.13,-21.49,81.99,6.94,25.49,3.28,41.88,-0.83,47.43,-2.04,42.47,5.25,48.96,-11.83,41.56,0.43,26.82,-0.78,-,-,-,-,-,-,92.06,1.73,67.80,0.88,-,-,61.42,4.33,63.57,2.88,-,-,50.31,6.54,-,-,-,-,-,-,-,-,78.71,-1.44,68.11,0.00,102.07,-2.92,54.29,0.00,76.96,6.96,63.59,11.27,78.45,2.90,104.00,2.52,89.49,4.01,85.27,5.75,-,-,-,-,117.64,-3.92,59.65,8.02,57.73,0.70,69.45,8.72,67.06,8.65,77.60,8.40,65.16,12.48,65.32,4.40,86.96,0.38,46.24,0.02,53.74,4.74,82.65,-1.17,48.35,3.51,55.25,-2.02,63.57,4.81,64.66,10.04,82.63,-0.18,76.63,-0.44,84.82,-1.95,78.53,1.08,70.43,-0.33,98.30,0.73,76.59,2.86,76.23,0.34,84.21,-1.88,71.23,1.99,76.75,3.51,63.43,4.15,91.16,3.09,85.51,-1.88,98.92,-3.32,118.01,0.48,97.57,-1.88,71.94,-3.15,44.09,1.52,47.64,0.34,35.18,3.14,-,-,54.30,-0.60,-,-,66.47,12.20,29.35,4.34,34.14,2.06,62.32,1.91,-,-,-,-,-,-,-,-,-,-,332.97,-1.97,420.88,-0.58,-,-,-,-,338.56,-0.63,-,-,-,-,-,-,-,-,-,-,343.04,-1.81,159.30,-1.39,-,-,-,-,-,-,-,-,-,-,-,-,111.52,-0.38,111.60,0.46,75.14,0.15,71.02,-0.01,-,-,-,-,73.12,1.49,86.44,-0.01,73.73,0.05,95.84,0.00,56.48,5.10,64.92,0.11,76.49,-1.06,-,-,-,-,-,-,91.81,0.00,63.80,0.00,101.86,0.00,62.53,0.00,80.64,2.43,95.24,1.19
1984M05,83.86,1.51,55.07,0.27,58.32,1.57,61.53,8.10,76.27,7.57,71.02,8.81,34.28,-8.66,42.45,-21.07,-,-,102.50,10.11,75.89,-7.42,68.77,-18.89,86.97,15.36,27.41,11.20,43.18,1.29,50.55,9.09,46.13,13.26,50.63,2.91,41.38,-6.13,26.75,-0.89,-,-,-,-,-,-,92.28,1.90,68.25,1.85,-,-,61.60,5.66,63.56,2.88,-,-,50.67,6.36,-,-,-,-,-,-,-,-,78.69,-1.47,68.11,0.00,102.04,-2.94,54.29,0.00,77.59,7.20,64.00,10.65,79.22,3.94,105.10,3.64,90.06,4.24,85.42,5.35,-,-,-,-,121.08,-0.89,59.87,6.80,57.98,0.82,70.41,9.50,67.87,9.41,79.92,11.26,66.26,13.23,65.18,4.17,86.96,0.38,46.24,0.06,53.59,4.10,82.18,-1.77,48.09,3.51,55.25,-2.02,63.13,3.09,64.93,9.42,82.71,-0.10,76.75,-0.27,84.78,-2.03,78.53,1.08,70.72,0.14,98.16,0.49,77.01,2.68,75.73,-0.45,83.58,-2.97,70.79,1.39,77.36,3.39,64.68,3.39,91.26,3.41,85.57,-1.47,99.05,-3.55,118.57,1.01,97.50,-1.16,71.78,-3.05,44.02,1.99,47.60,1.32,35.66,5.94,-,-,53.83,-0.59,-,-,65.48,8.43,29.39,3.71,34.08,1.16,62.41,1.46,-,-,-,-,-,-,-,-,-,-,328.89,-3.09,419.94,-0.75,-,-,-,-,337.72,-0.82,-,-,-,-,-,-,-,-,-,-,342.91,-1.83,158.81,-1.69,-,-,-,-,-,-,-,-,-,-,-,-,111.64,-0.27,111.56,0.41,75.50,0.84,71.10,0.11,-,-,-,-,73.13,1.50,86.57,0.14,73.72,0.04,95.84,0.00,56.37,5.01,64.78,-0.22,76.34,-1.19,-,-,-,-,-,-,91.81,0.00,63.80,0.00,101.86,0.00,62.51,-0.03,81.06,2.67,95.25,1.25
1984M06,84.03,1.46,55.04,0.15,57.90,-0.17,59.80,6.46,72.68,5.41,70.71,7.74,36.48,-30.30,41.89,-11.55,-,-,103.07,11.26,76.10,-8.01,70.30,-18.04,84.81,11.98,27.80,15.45,43.55,5.40,52.54,12.75,45.71,9.83,56.67,17.28,40.33,-2.11,26.85,-0.78,-,-,-,-,-,-,92.50,1.88,67.64,1.15,-,-,62.63,10.07,63.56,1.42,-,-,50.95,6.95,-,-,-,-,-,-,-,-,79.11,-0.96,68.11,0.00,103.16,-1.91,54.29,0.00,78.29,7.51,64.50,10.29,80.03,4.85,106.35,4.72,90.53,4.42,85.86,5.51,-,-,-,-,121.59,-0.70,60.51,6.23,58.32,0.92,73.35,13.30,69.40,11.31,80.45,11.91,69.51,17.46,64.97,3.84,90.98,5.02,46.24,-0.09,53.85,3.40,81.72,-2.34,48.31,2.01,55.25,-2.02,63.16,2.77,65.76,8.91,82.23,-0.62,76.24,-0.87,84.58,-2.26,78.56,1.09,69.71,-1.11,98.01,0.34,77.37,2.90,75.73,-0.94,84.40,-2.83,70.30,0.43,77.79,3.76,65.02,3.75,91.77,3.79,85.61,-1.55,99.13,-3.56,118.15,0.93,97.54,-1.33,72.28,-2.98,43.91,0.83,47.50,0.47,35.82,3.62,-,-,53.43,-1.27,-,-,65.11,3.10,29.25,2.74,34.11,0.65,62.56,1.28,-,-,-,-,-,-,-,-,-,-,329.56,-3.16,420.98,-0.76,-,-,-,-,339.11,-0.82,-,-,-,-,-,-,-,-,-,-,343.10,-1.85,158.97,-1.85,-,-,-,-,-,-,-,-,-,-,-,-,111.88,-0.13,111.63,0.46,75.58,0.92,71.28,0.28,-,-,-,-,73.31,1.90,86.57,0.14,73.73,1.00,95.84,0.00,56.80,5.46,64.74,-0.32,76.56,-1.40,-,-,-,-,-,-,91.81,0.00,63.80,0.00,101.86,0.00,62.51,-0.03,81.19,2.76,95.56,1.24
1984M07,83.65,1.05,54.53,1.15,57.28,2.63,58.21,5.21,69.28,3.67,70.53,7.04,37.89,-19.96,42.23,-0.17,-,-,101.78,10.22,77.06,-4.89,70.63,-16.03,86.90,17.40,27.53,14.47,42.27,-1.05,50.55,5.03,45.45,3.72,51.86,7.24,39.53,-7.29,26.68,-1.26,-,-,-,-,-,-,92.12,1.26,66.92,0.65,-,-,63.28,13.49,63.56,1.10,-,-,50.76,6.44,-,-,-,-,-,-,-,-,79.33,-0.54,68.11,0.00,103.72,-1.10,54.29,0.00,78.05,6.89,64.25,9.40,79.78,4.47,106.66,4.04,89.93,3.69,85.34,4.79,-,-,-,-,120.54,-1.34,60.59,6.63,57.55,-0.26,73.84,11.22,69.44,8.93,80.31,11.00,69.66,13.29,64.97,2.74,93.30,7.29,46.23,-0.11,53.67,2.99,82.34,-1.41,47.60,1.10,55.05,-2.38,62.71,1.32,66.27,9.37,82.32,-0.57,76.23,-0.94,84.60,-2.62,78.52,1.00,69.69,-0.92,98.42,0.61,76.74,0.55,75.00,-3.05,83.48,-4.67,69.70,-1.87,77.18,1.34,64.77,1.20,90.83,1.43,85.80,-2.33,98.84,-4.01,118.12,-2.32,97.35,-2.24,75.55,1.78,43.71,-1.69,47.34,-1.85,35.95,2.22,-,-,53.05,-3.91,-,-,64.53,-1.86,28.96,-0.38,33.71,0.57,62.35,0.74,-,-,-,-,-,-,-,-,-,-,327.30,-2.92,417.19,-1.46,-,-,-,-,336.02,-1.50,-,-,-,-,-,-,-,-,-,-,342.64,-1.66,158.55,-1.96,-,-,-,-,-,-,-,-,-,-,-,-,111.69,-0.26,111.38,0.53,75.45,0.43,71.07,0.03,-,-,-,-,73.08,1.66,86.86,0.47,73.12,0.16,95.84,0.00,56.50,5.06,64.71,-0.38,76.60,-1.16,-,-,-,-,-,-,91.81,0.00,63.80,0.00,101.86,0.00,62.51,-0.03,80.77,2.24,95.27,0.62
1984M08,83.20,0.24,53.99,0.60,56.97,3.19,57.18,2.02,69.11,2.86,68.04,0.98,40.02,-1.19,43.48,3.13,-,-,99.33,6.45,77.45,-6.97,71.53,-14.91,86.37,7.72,27.12,12.30,40.60,-2.15,48.99,7.34,44.56,7.87,49.30,6.43,37.59,-11.32,26.47,-2.25,-,-,-,-,-,-,91.68,0.38,66.23,-0.82,-,-,63.05,8.33,63.56,0.49,-,-,50.30,5.36,-,-,-,-,-,-,-,-,79.37,-0.05,68.11,0.00,103.82,-0.13,54.29,0.00,77.85,5.88,64.13,8.04,79.53,3.77,106.39,3.70,89.87,2.19,85.49,3.29,-,-,-,-,119.05,-2.90,60.01,5.08,56.67,-2.04,74.13,11.07,69.41,8.42,80.09,10.13,69.66,12.43,64.97,2.74,94.97,9.21,46.22,-0.13,53.18,0.95,82.30,-1.14,47.00,-2.85,55.05,-2.38,61.96,-0.58,65.71,8.02,82.31,-0.71,76.24,-1.14,84.74,-2.46,78.78,1.18,69.48,-1.67,98.42,0.73,76.76,0.42,74.72,-3.36,83.25,-4.45,69.38,-2.58,77.27,1.26,64.67,0.78,91.09,1.58,85.44,-2.30,97.80,-2.85,118.04,-2.47,96.86,-2.89,75.82,2.14,43.44,-2.25,47.15,-1.71,35.64,3.24,-,-,52.92,-4.39,-,-,64.07,-4.59,28.25,-5.83,33.01,-1.40,62.12,-0.21,-,-,-,-,-,-,-,-,-,-,325.19,-3.33,413.60,-2.61,-,-,-,-,340.09,-0.68,-,-,-,-,-,-,-,-,-,-,342.07,-1.74,157.27,-2.99,-,-,-,-,-,-,-,-,-,-,-,-,111.45,-0.55,111.20,0.38,75.30,0.15,70.87,-0.34,-,-,-,-,72.82,1.07,85.98,-0.54,73.38,0.52,95.84,0.00,56.10,3.52,64.64,-0.54,75.86,-2.42,-,-,-,-,-,-,91.81,0.00,63.80,0.00,101.86,0.00,62.51,-0.03,80.42,1.36,94.83,-0.14
1984M09,83.05,0.02,53.49,-0.43,56.50,1.44,57.43,1.52,68.51,2.59,69.43,0.33,40.56,-1.51,41.81,3.44,-,-,97.54,1.46,75.47,-7.43,71.87,-8.48,80.32,-5.79,26.22,7.55,41.40,-0.29,49.58,7.20,45.75,7.55,48.68,6.57,38.66,-7.73,26.57,-1.77,-,-,-,-,-,-,91.53,0.19,65.95,-1.45,-,-,61.40,-2.38,63.56,0.49,-,-,50.00,2.04,-,-,-,-,-,-,-,-,79.14,-0.25,68.11,0.00,103.23,-0.51,54.29,0.00,77.49,4.96,63.63,6.39,79.42,3.51,106.22,3.54,90.30,2.25,85.96,3.32,-,-,-,-,119.24,-2.70,59.49,6.12,56.34,-2.51,74.03,10.91,69.28,8.25,79.30,9.38,69.65,12.36,64.97,2.74,94.97,9.21,46.22,-0.13,52.78,-0.09,82.04,-1.49,46.23,-4.56,54.98,-2.50,61.36,-1.70,65.70,7.25,82.30,-0.28,76.24,-0.51,84.74,-2.46,78.80,1.52,69.47,-0.36,98.42,0.62,76.76,0.05,74.75,-3.86,83.24,-6.20,69.43,-2.13,77.29,0.97,64.51,0.62,91.26,1.19,85.27,-2.17,97.83,-3.01,118.08,-0.58,96.25,-3.47,76.54,3.11,43.30,-2.17,47.08,-1.44,35.42,2.07,-,-,52.92,-3.48,-,-,63.68,-7.16,27.69,-5.11,32.98,-1.14,62.26,0.06,-,-,-,-,-,-,-,-,-,-,325.47,-3.15,414.21,-2.43,-,-,-,-,340.59,-0.49,-,-,-,-,-,-,-,-,-,-,342.16,-1.70,157.32,-3.01,-,-,-,-,-,-,-,-,-,-,-,-,111.53,-0.62,111.23,0.39,75.37,0.29,71.08,0.14,-,-,-,-,72.81,0.34,85.98,-0.54,73.38,0.52,95.84,0.00,56.07,0.92,64.65,-0.52,75.94,-2.05,-,-,-,-,-,-,91.81,0.00,63.80,0.00,101.86,0.00,62.51,-0.03,80.35,1.27,94.67,-0.39
1984M10,82.95,-0.06,53.57,0.09,57.32,1.52,58.03,5.16,68.50,5.29,70.97,5.03,34.86,-22.22,49.64,12.21,-,-,96.86,0.65,73.49,-4.15,70.52,-1.73,77.31,-7.78,26.51,7.94,40.97,-2.45,49.02,4.34,45.19,3.91,48.20,4.99,38.31,-9.28,26.61,-1.66,-,-,-,-,-,-,91.39,0.04,65.75,0.06,-,-,60.69,-1.99,63.56,0.51,-,-,49.73,0.69,-,-,-,-,-,-,-,-,79.05,-0.37,68.11,0.00,102.97,-0.75,54.29,0.00,77.19,4.07,63.10,4.64,79.45,3.52,106.39,3.26,89.96,1.73,85.55,2.64,-,-,-,-,119.46,-2.47,58.80,4.22,54.21,-6.34,74.03,10.91,69.26,8.20,79.11,9.06,69.66,12.37,64.97,2.74,94.97,9.21,46.22,-0.13,52.79,-1.31,81.25,-2.08,46.26,-5.99,54.86,-2.71,61.13,-3.24,66.08,5.97,82.40,-0.04,76.28,-0.09,84.66,-1.47,78.82,1.55,69.61,-0.11,98.69,0.33,76.81,0.03,75.05,-3.57,84.60,-5.06,69.11,-2.44,77.27,0.84,64.40,0.28,91.30,1.15,85.21,-2.07,97.51,-3.32,118.12,-0.61,96.41,-3.14,75.84,3.39,43.32,-2.23,47.14,-1.89,35.63,1.05,-,-,52.92,-3.69,-,-,63.56,-6.35,27.49,-2.97,32.85,0.12,62.38,-0.05,-,-,-,-,-,-,-,-,-,-,324.48,-3.20,413.64,-2.52,-,-,-,-,333.70,-2.45,-,-,-,-,-,-,-,-,-,-,342.23,-1.68,157.51,-2.60,-,-,-,-,-,-,-,-,-,-,-,-,111.56,-0.65,111.27,0.43,75.45,0.27,71.29,-0.04,-,-,-,-,72.83,-0.05,85.98,-0.54,73.38,-0.85,95.84,0.00,56.20,1.17,64.66,-0.49,75.79,-1.40,-,-,-,-,-,-,91.81,0.00,63.80,0.00,101.86,0.00,62.51,-0.03,80.01,1.11,94.70,-0.58
1984M11,82.78,-0.41,52.98,-0.62,56.64,-0.72,58.47,3.91,70.62,5.45,69.63,2.10,29.37,-27.16,50.51,11.38,-,-,95.77,-3.81,70.85,-6.63,67.09,-3.51,76.10,-11.10,25.47,10.36,42.31,2.20,49.58,6.78,47.54,10.95,45.41,-0.42,40.50,-2.43,26.72,-1.37,-,-,-,-,-,-,91.25,-0.31,65.60,-0.26,-,-,60.10,-1.64,63.56,0.51,-,-,49.60,0.20,-,-,-,-,-,-,-,-,79.08,-0.33,68.11,0.00,103.08,-0.66,54.29,0.00,76.15,1.45,61.47,-0.31,79.35,3.21,106.52,3.28,90.70,1.84,86.31,2.71,-,-,-,-,119.99,-2.18,58.46,3.45,54.45,-5.89,72.72,8.81,68.23,5.90,77.70,7.17,67.91,9.37,64.97,1.14,94.97,9.21,46.22,-0.11,52.25,-2.72,81.27,-1.97,45.37,-8.01,54.86,-2.71,60.00,-5.17,66.02,4.69,81.99,-0.67,75.80,-0.90,84.19,-2.01,78.84,1.58,68.81,-1.73,98.68,0.35,76.88,-0.14,75.18,-3.18,85.43,-2.93,68.84,-3.34,77.32,0.52,64.30,0.02,91.49,0.86,84.88,-2.11,96.12,-4.05,117.91,-0.06,96.68,-2.94,74.56,2.16,43.29,-1.99,47.14,-1.55,35.73,1.85,-,-,52.89,-3.57,-,-,63.37,-6.19,27.15,-3.83,32.73,-1.36,62.58,0.37,-,-,-,-,-,-,-,-,-,-,324.96,-3.14,415.27,-2.26,-,-,-,-,333.50,-2.66,-,-,-,-,-,-,-,-,-,-,342.46,-1.63,157.77,-2.65,-,-,-,-,-,-,-,-,-,-,-,-,111.67,-0.35,111.34,0.44,75.50,0.29,71.33,0.00,-,-,-,-,73.06,0.23,86.59,0.17,73.53,-0.65,95.84,0.00,56.38,1.35,64.79,-0.32,76.07,-1.18,-,-,-,-,-,-,91.81,0.00,63.80,0.00,101.86,0.00,62.51,-0.03,80.08,0.86,94.48,-0.88
1984M12,82.59,-0.59,52.37,-0.78,56.89,2.32,58.15,0.48,72.28,4.48,66.88,-4.14,29.84,15.39,52.40,15.22,-,-,95.38,-4.45,64.77,-12.53,59.12,-14.17,73.48,-10.07,25.37,3.05,43.11,1.72,51.27,8.39,48.39,10.13,48.36,5.36,40.58,-4.92,26.77,-1.18,-,-,-,-,-,-,91.09,-0.55,65.03,-2.11,-,-,59.07,-3.32,63.56,0.27,-,-,49.40,-0.66,-,-,-,-,-,-,-,-,79.09,-0.32,68.11,0.00,103.10,-0.64,54.29,0.00,75.70,0.73,60.98,-1.21,79.03,2.64,106.38,3.10,90.87,2.48,86.44,3.50,-,-,-,-,120.31,-2.27,58.23,0.99,54.40,-5.93,71.81,7.40,67.35,4.50,74.71,2.93,67.03,7.94,64.97,1.14,94.97,9.21,46.23,-0.02,52.08,-2.60,81.39,-1.57,45.11,-7.84,54.84,-0.74,59.58,-6.01,65.97,4.93,82.25,-0.56,75.82,-1.16,84.19,-2.01,78.84,0.86,68.85,-1.88,99.72,1.41,76.76,-0.01,74.97,-3.19,85.13,-2.44,68.65,-3.74,77.25,0.73,64.26,0.37,91.39,0.92,84.79,-1.94,95.50,-4.68,118.58,0.58,96.61,-2.57,74.28,2.43,43.32,-2.06,47.20,-1.54,35.88,1.10,-,-,52.85,-3.44,-,-,63.48,-5.77,27.08,-4.28,32.28,-3.15,62.57,0.02,-,-,-,-,-,-,-,-,-,-,325.32,-3.07,416.23,-2.06,-,-,-,-,331.56,-3.25,-,-,-,-,-,-,-,-,-,-,342.67,-1.57,157.88,-2.06,-,-,-,-,-,-,-,-,-,-,-,-,111.71,-0.32,111.39,0.49,75.54,0.33,71.39,0.10,-,-,-,-,73.10,0.29,86.70,0.30,73.53,-0.65,95.84,0.00,56.43,1.42,64.82,-0.28,76.21,-1.17,-,-,-,-,-,-,91.81,0.00,63.80,0.00,101.86,0.00,62.51,-0.03,79.89,0.31,94.37,-0.89
1985M01,82.30,-1.01,52.31,-0.51,56.81,2.69,57.67,-1.33,72.81,3.28,65.01,-6.78,28.24,19.06,55.30,23.44,-,-,94.15,-5.39,66.28,-11.02,60.02,-13.24,75.99,-7.84,24.58,-2.31,42.63,2.97,51.67,11.84,48.31,11.65,49.57,12.12,39.28,-5.83,26.70,-1.33,-,-,-,-,-,-,90.74,-1.07,64.84,-2.48,-,-,59.87,-1.56,63.79,0.49,-,-,48.64,-2.82,-,-,-,-,-,-,-,-,79.07,-0.09,68.11,0.00,103.04,-0.18,54.29,0.00,74.94,-0.83,60.33,-3.26,78.25,1.58,106.14,2.83,91.07,2.74,86.47,3.40,-,-,-,-,121.64,-0.37,57.47,-0.43,53.58,-7.19,71.38,7.03,66.98,4.25,73.87,3.36,66.52,7.22,64.97,1.14,94.97,9.21,46.22,-0.04,51.48,-3.99,81.34,-1.48,44.86,-8.71,54.84,-0.74,59.54,-6.16,63.92,1.14,82.09,-0.93,75.63,-1.66,84.19,-1.83,78.83,0.32,68.43,-2.88,99.76,1.44,76.80,-0.32,74.33,-3.78,83.96,-3.38,68.34,-4.10,77.42,0.45,64.13,0.34,91.84,0.55,84.41,-2.22,95.40,-4.77,118.59,0.47,95.80,-3.13,73.96,2.74,43.33,-2.12,47.27,-1.38,35.69,0.20,-,-,53.06,-2.80,-,-,63.58,-6.86,26.78,-5.47,32.02,-3.84,62.30,-0.48,-,-,-,-,-,-,-,-,-,-,324.62,-3.32,415.95,-2.10,-,-,-,-,330.12,-3.64,-,-,-,-,-,-,-,-,-,-,342.41,-0.37,154.97,-3.81,-,-,-,-,-,-,-,-,-,-,-,-,111.62,-0.39,111.08,0.21,75.41,0.12,71.24,-0.08,-,-,-,-,72.99,-0.48,86.70,0.30,73.53,-0.65,95.84,0.00,56.37,-0.84,64.64,-0.55,76.29,-1.04,-,-,-,-,-,-,91.81,0.00,63.80,0.00,101.86,0.00,62.51,-0.03,79.64,-0.20,93.98,-1.42
1985M02,81.90,-1.54,52.71,0.29,57.48,2.39,57.54,-4.28,72.91,0.39,64.54,-9.85,28.81,12.94,58.97,31.16,-,-,93.71,-4.86,65.64,-9.00,57.43,-14.35,78.86,-0.98,24.07,-0.78,43.66,4.75,52.28,13.75,47.16,12.21,53.30,16.35,40.79,-4.05,26.29,-2.74,-,-,-,-,-,-,90.21,-1.73,64.16,-3.66,-,-,61.02,0.48,64.09,0.96,-,-,47.33,-5.21,-,-,-,-,-,-,-,-,79.01,0.34,68.02,-0.13,103.02,0.83,54.29,0.00,73.86,-3.11,59.21,-5.99,77.39,-0.28,105.68,1.42,89.63,0.76,84.90,0.52,-,-,-,-,121.30,2.05,57.18,-1.46,53.25,-7.46,70.87,5.92,66.54,2.56,72.79,-0.36,65.92,6.22,64.96,-0.44,94.97,9.21,46.22,-0.04,50.87,-5.34,81.53,-1.31,44.10,-9.67,54.84,-0.74,58.31,-8.09,63.42,-1.09,82.09,-0.87,75.57,-1.64,84.19,-1.62,78.82,0.31,68.29,-2.98,99.94,1.58,76.54,-0.26,73.91,-4.06,83.24,-3.24,68.12,-4.59,77.19,0.60,63.83,0.66,91.65,0.54,84.24,-2.30,95.34,-4.92,118.76,0.58,95.50,-3.12,73.44,2.18,43.36,-1.81,47.34,-1.00,36.08,1.69,-,-,52.91,-2.83,-,-,63.58,-5.46,26.61,-6.57,31.77,-4.36,62.08,-0.85,-,-,-,-,-,-,-,-,-,-,323.44,-3.63,412.13,-2.96,-,-,-,-,333.79,-2.49,-,-,-,-,-,-,-,-,-,-,342.23,-0.41,153.88,-4.12,-,-,-,-,-,-,-,-,-,-,-,-,111.54,-0.40,111.01,0.16,75.37,0.07,71.18,-0.15,-,-,-,-,72.92,-0.56,86.70,0.30,73.52,-0.66,95.84,0.00,56.35,-0.83,64.63,-0.55,75.91,-1.66,-,-,-,-,-,-,91.81,0.00,63.80,0.00,101.86,0.00,62.53,0.00,78.99,-1.30,93.61,-1.77
1985M03,81.85,-2.03,52.00,-3.20,57.36,-0.90,58.06,-6.10,73.08,-3.66,65.69,-9.13,30.17,10.27,55.88,14.51,-,-,94.02,-4.34,63.16,-12.89,53.97,-19.34,78.11,-3.48,23.16,-5.85,43.06,1.70,52.20,12.31,46.79,13.71,53.80,10.18,39.66,-8.55,26.45,-2.07,-,-,-,-,-,-,90.24,-1.97,63.88,-5.75,-,-,61.90,1.00,63.97,0.77,-,-,47.20,-5.66,-,-,-,-,-,-,-,-,78.99,0.33,68.02,-0.13,102.97,0.82,54.29,0.00,73.66,-4.04,58.89,-6.89,77.34,-1.39,105.70,1.61,90.22,1.04,85.43,0.60,-,-,-,-,122.19,3.15,56.69,-4.21,53.48,-7.60,70.30,3.96,65.72,0.12,67.52,-8.88,65.93,4.77,64.96,-1.20,94.97,9.21,46.23,-0.02,50.87,-5.27,81.57,-1.24,44.34,-8.95,54.84,-0.74,58.33,-7.95,63.04,-1.85,81.88,-1.00,75.30,-1.83,83.89,-1.63,78.84,0.36,67.88,-3.43,100.10,1.74,76.66,0.16,73.81,-3.60,82.76,-2.22,68.23,-4.56,77.36,1.01,63.82,0.93,91.99,1.07,84.41,-1.40,95.37,-3.65,118.72,0.52,95.84,-1.87,73.77,2.20,43.43,-1.59,47.42,-0.71,36.26,2.63,-,-,52.91,-2.81,-,-,63.62,-4.57,26.60,-7.83,31.98,-4.68,62.25,-0.35,-,-,-,-,-,-,-,-,-,-,326.20,-2.49,418.29,-1.21,-,-,-,-,336.37,-1.37,-,-,-,-,-,-,-,-,-,-,342.67,-0.21,154.26,-3.64,-,-,-,-,-,-,-,-,-,-,-,-,112.00,0.19,111.16,0.16,75.39,0.17,71.01,-0.28,-,-,-,-,73.12,-0.29,86.70,0.30,73.54,-0.62,95.84,0.00,56.95,0.19,64.68,-0.42,75.94,-1.27,-,-,-,-,-,-,91.81,0.00,63.80,0.00,101.86,0.00,62.53,0.00,78.94,-2.10,93.72,-1.60
1985M04,81.67,-2.26,51.50,-4.61,55.01,-5.50,57.47,-6.39,71.09,-6.66,66.49,-6.07,25.68,-18.63,49.29,7.04,-,-,93.48,-7.08,64.95,-11.05,55.99,-16.59,79.48,-3.06,22.41,-12.08,45.51,8.67,56.49,19.10,52.42,23.43,54.94,12.21,40.73,-2.00,26.55,-1.01,-,-,-,-,-,-,90.07,-2.16,63.34,-6.58,-,-,63.19,2.88,63.91,0.53,-,-,45.84,-8.88,-,-,-,-,-,-,-,-,79.01,0.38,68.02,-0.13,103.00,0.91,54.29,0.00,73.07,-5.05,57.92,-8.92,77.39,-1.35,105.64,1.58,90.62,1.26,85.81,0.63,-,-,-,-,122.75,4.34,55.28,-7.33,53.62,-7.12,70.07,0.89,65.37,-2.52,65.17,-16.02,65.96,1.23,64.96,-0.55,94.97,9.21,46.24,0.00,50.55,-5.94,81.56,-1.32,44.24,-8.50,54.84,-0.74,58.21,-8.43,61.97,-4.16,82.07,-0.68,75.50,-1.47,84.05,-0.91,78.62,0.11,68.35,-2.95,100.06,1.79,76.79,0.26,73.82,-3.16,82.52,-2.01,68.37,-4.02,77.52,1.00,63.76,0.52,92.35,1.31,84.62,-1.04,96.46,-2.49,118.23,0.19,96.00,-1.61,73.93,2.77,43.29,-1.81,47.27,-0.78,35.93,2.13,-,-,52.88,-2.62,-,-,63.62,-4.29,26.45,-9.88,31.68,-7.21,62.34,0.03,-,-,-,-,-,-,-,-,-,-,327.16,-1.74,419.84,-0.25,-,-,-,-,337.89,-0.20,-,-,-,-,-,-,-,-,-,-,342.91,-0.04,154.72,-2.88,-,-,-,-,-,-,-,-,-,-,-,-,112.11,0.53,111.10,-0.45,75.43,0.39,71.03,0.01,-,-,-,-,73.13,0.01,86.70,0.30,73.54,-0.26,95.84,0.00,56.98,0.89,64.70,-0.34,75.97,-0.68,-,-,-,-,-,-,91.81,0.00,63.80,0.00,101.86,0.00,62.53,0.00,78.67,-2.44,93.65,-1.67
1985M05,81.47,-2.85,51.25,-6.94,55.91,-4.13,55.43,-9.91,68.21,-10.57,64.53,-9.14,26.75,-21.97,57.60,35.69,-,-,93.24,-9.03,61.85,-18.50,53.86,-21.68,74.72,-14.09,21.97,-19.85,44.70,3.52,56.52,11.81,51.64,11.94,56.43,11.46,39.06,-5.61,26.63,-0.45,-,-,-,-,-,-,89.85,-2.63,62.30,-8.72,-,-,63.15,2.52,64.09,0.83,-,-,45.46,-10.28,-,-,-,-,-,-,-,-,79.02,0.42,68.02,-0.13,103.04,0.98,54.29,0.00,73.02,-5.89,57.71,-9.83,77.58,-2.07,105.55,0.43,91.60,1.71,87.31,2.21,-,-,-,-,120.13,-0.78,55.12,-7.93,53.56,-7.62,69.55,-1.22,64.98,-4.26,64.76,-18.97,65.24,-1.54,64.96,-0.34,94.97,9.21,45.84,-0.87,50.65,-5.49,81.66,-0.63,44.51,-7.44,54.84,-0.74,58.19,-7.83,61.97,-4.56,81.88,-1.00,75.26,-1.94,84.19,-0.70,78.64,0.14,67.73,-4.23,100.20,2.08,76.76,-0.32,74.12,-2.13,82.93,-0.78,68.61,-3.08,77.42,0.08,63.68,-1.55,92.26,1.10,84.53,-1.22,96.91,-2.16,118.41,-0.13,95.95,-1.59,71.91,0.18,42.82,-2.73,46.88,-1.51,35.06,-1.68,-,-,52.69,-2.12,-,-,61.40,-6.23,25.98,-11.60,31.41,-7.83,62.09,-0.51,-,-,-,-,-,-,-,-,-,-,327.53,-0.41,421.67,0.41,-,-,-,-,339.59,0.55,-,-,-,-,-,-,-,-,-,-,343.17,0.08,155.18,-2.29,-,-,-,-,-,-,-,-,-,-,-,-,112.23,0.53,110.64,-0.82,75.59,0.12,71.26,0.23,-,-,-,-,73.24,0.15,86.70,0.15,73.79,0.09,95.84,0.00,57.09,1.28,64.70,-0.12,76.14,-0.26,-,-,-,-,-,-,91.81,0.00,63.80,0.00,101.86,0.00,62.65,0.22,78.43,-3.24,93.44,-1.90
1985M06,80.98,-3.63,49.78,-9.56,53.65,-7.34,54.49,-8.88,67.41,-7.25,63.02,-10.88,33.10,-9.27,45.23,7.97,-,-,91.17,-11.55,62.34,-18.08,55.55,-20.98,73.09,-13.82,21.92,-21.15,43.00,-1.26,52.63,0.17,48.43,5.95,51.92,-8.38,39.15,-2.93,26.60,-0.93,-,-,-,-,-,-,89.49,-3.25,62.00,-8.34,-,-,62.74,0.18,63.86,0.47,-,-,45.35,-10.99,-,-,-,-,-,-,-,-,79.01,-0.13,68.02,-0.13,103.00,-0.16,54.29,0.00,72.47,-7.43,57.11,-11.46,77.22,-3.51,105.29,-1.00,91.27,0.82,86.94,1.26,-,-,-,-,120.01,-1.30,55.36,-8.51,53.61,-8.08,68.18,-7.05,64.12,-7.61,63.18,-21.47,63.38,-8.82,65.65,1.05,94.97,4.39,45.83,-0.89,50.54,-6.15,81.53,-0.23,44.31,-8.28,54.84,-0.74,58.19,-7.87,61.86,-5.93,81.49,-0.90,74.83,-1.85,83.52,-1.25,78.63,0.09,67.21,-3.59,100.04,2.07,76.37,-1.29,74.66,-1.41,83.37,-1.22,69.20,-1.56,76.80,-1.27,62.69,-3.58,91.93,0.17,84.42,-1.39,96.82,-2.33,118.58,0.36,95.55,-2.04,72.53,0.35,42.25,-3.78,46.21,-2.72,34.40,-3.96,-,-,51.91,-2.84,-,-,61.03,-6.27,25.74,-12.00,30.89,-9.44,61.95,-0.98,-,-,-,-,-,-,-,-,-,-,326.05,-1.07,421.26,0.07,-,-,-,-,339.26,0.04,-,-,-,-,-,-,-,-,-,-,343.15,0.01,155.06,-2.46,-,-,-,-,-,-,-,-,-,-,-,-,111.98,0.09,110.34,-1.16,75.48,-0.13,71.18,-0.14,-,-,-,-,73.30,-0.01,86.70,0.15,73.79,0.08,95.84,0.00,57.23,0.76,64.60,-0.22,75.95,-0.80,-,-,-,-,-,-,91.81,0.00,63.80,0.00,101.86,0.00,62.65,0.22,78.13,-3.77,93.08,-2.60
1985M07,80.91,-3.28,50.21,-7.92,54.86,-4.22,54.64,-6.13,65.87,-4.92,65.23,-7.51,39.99,5.54,45.84,8.55,-,-,91.03,-10.56,60.90,-20.97,56.16,-20.49,68.09,-21.65,21.89,-20.49,43.21,2.22,53.36,5.56,50.00,10.01,51.02,-1.62,38.92,-1.54,26.67,-0.04,-,-,-,-,-,-,89.29,-3.07,62.14,-7.14,-,-,62.67,-0.96,64.29,1.15,-,-,45.45,-10.46,-,-,-,-,-,-,-,-,79.02,-0.39,68.02,-0.13,103.04,-0.66,54.29,0.00,71.52,-8.37,55.96,-12.90,76.68,-3.89,104.90,-1.65,91.56,1.81,87.18,2.16,-,-,-,-,120.75,0.17,55.58,-8.27,53.90,-6.34,67.16,-9.05,62.94,-9.36,59.22,-26.26,62.53,-10.24,65.19,0.34,94.97,1.79,45.56,-1.45,50.58,-5.76,81.25,-1.32,44.41,-6.70,54.84,-0.38,58.43,-6.83,61.79,-6.76,81.39,-1.13,74.71,-1.99,83.35,-1.48,78.76,0.31,66.95,-3.93,100.08,1.69,75.92,-1.07,74.51,-0.65,82.78,-0.84,69.31,-0.56,76.29,-1.15,63.10,-2.58,90.57,-0.29,83.83,-2.30,95.63,-3.25,118.17,0.04,95.12,-2.29,71.35,-5.56,41.56,-4.92,45.41,-4.08,33.96,-5.54,-,-,50.98,-3.90,-,-,60.93,-5.58,25.24,-12.85,30.16,-10.53,61.87,-0.77,-,-,-,-,-,-,-,-,-,-,327.18,-0.04,425.50,1.99,-,-,-,-,341.47,1.62,-,-,-,-,-,-,-,-,-,-,343.47,0.24,155.44,-1.96,-,-,-,-,-,-,-,-,-,-,-,-,111.35,-0.30,110.79,-0.53,75.57,0.16,71.28,0.30,-,-,-,-,73.53,0.62,86.70,-0.18,74.27,1.57,95.68,-0.17,57.63,2.00,64.59,-0.19,76.28,-0.42,-,-,-,-,-,-,91.81,0.00,63.80,0.00,101.86,0.00,62.65,0.22,77.98,-3.45,92.87,-2.52
1985M08,80.75,-2.94,49.80,-7.76,53.39,-6.28,53.73,-6.03,65.50,-5.22,63.28,-7.00,36.02,-10.00,43.90,0.97,-,-,90.61,-8.78,65.02,-16.05,60.62,-15.25,71.51,-17.21,21.81,-19.58,42.03,3.52,52.94,8.06,50.02,12.25,49.81,1.03,36.91,-1.81,26.83,1.36,-,-,-,-,-,-,89.28,-2.62,62.42,-5.75,-,-,62.12,-1.48,64.25,1.09,-,-,45.22,-10.10,-,-,-,-,-,-,-,-,79.05,-0.40,68.02,-0.13,103.11,-0.68,54.29,0.00,70.52,-9.42,54.72,-14.67,76.12,-4.29,104.95,-1.35,92.52,2.95,88.14,3.10,-,-,-,-,121.73,2.25,55.51,-7.50,53.65,-5.33,66.22,-10.67,61.93,-10.78,59.42,-25.81,61.02,-12.40,64.30,-1.03,95.26,0.31,45.18,-2.25,50.69,-4.68,81.44,-1.04,44.71,-4.87,54.84,-0.38,58.47,-5.63,61.72,-6.07,81.34,-1.18,74.66,-2.07,83.86,-1.04,78.80,0.03,66.52,-4.26,100.11,1.72,76.28,-0.63,73.72,-1.34,81.28,-2.37,68.95,-0.62,76.94,-0.43,63.06,-2.49,91.83,0.81,83.55,-2.21,95.06,-2.80,118.16,0.10,94.67,-2.26,71.42,-5.80,41.52,-4.42,45.45,-3.61,34.07,-4.41,-,-,50.97,-3.68,-,-,60.11,-6.18,24.90,-11.86,29.97,-9.21,61.84,-0.45,-,-,-,-,-,-,-,-,-,-,329.19,1.23,428.58,3.62,-,-,-,-,344.46,1.28,-,-,-,-,-,-,-,-,-,-,343.95,0.55,156.22,-0.67,-,-,-,-,-,-,-,-,-,-,-,-,111.55,0.09,110.08,-1.01,75.58,0.37,71.28,0.58,-,-,-,-,73.42,0.82,86.70,0.84,74.28,1.23,95.60,-0.25,57.43,2.37,64.30,-0.53,76.52,0.87,-,-,-,-,-,-,88.09,-4.05,63.80,0.00,97.10,-4.67,62.65,0.22,78.11,-2.87,92.74,-2.20
1985M09,80.75,-2.77,50.74,-5.14,56.05,-0.80,53.30,-7.19,65.69,-4.12,61.96,-10.76,54.60,34.62,44.85,7.27,-,-,89.50,-8.24,63.64,-15.68,58.84,-18.13,70.88,-11.75,21.85,-16.67,41.13,-0.65,52.39,5.67,50.61,10.62,47.26,-2.92,35.62,-7.86,26.83,0.98,-,-,-,-,-,-,89.09,-2.67,62.39,-5.40,-,-,61.43,0.05,64.29,1.15,-,-,44.93,-10.14,-,-,-,-,-,-,-,-,78.96,-0.23,68.02,-0.13,102.89,-0.33,54.29,0.00,70.29,-9.29,54.63,-14.14,75.73,-4.65,104.76,-1.37,92.34,2.26,88.17,2.57,-,-,-,-,119.94,0.59,55.66,-6.44,53.43,-5.17,65.88,-11.01,61.57,-11.13,59.11,-25.46,60.43,-13.24,64.20,-1.19,95.67,0.74,45.14,-2.34,50.34,-4.62,80.05,-2.43,44.43,-3.89,54.84,-0.25,58.06,-5.38,61.35,-6.62,80.99,-1.59,74.25,-2.61,83.11,-1.92,78.80,0.00,66.08,-4.88,100.10,1.71,76.46,-0.39,72.95,-2.41,80.09,-3.78,68.43,-1.44,77.31,0.03,62.97,-2.39,92.65,1.52,83.45,-2.13,94.58,-3.32,117.59,-0.41,94.73,-1.58,72.03,-5.89,41.25,-4.73,45.27,-3.84,33.74,-4.74,-,-,50.86,-3.89,-,-,58.81,-7.65,24.46,-11.66,30.01,-9.01,61.77,-0.79,-,-,-,-,-,-,-,-,-,-,329.38,1.20,428.42,3.43,-,-,-,-,348.46,2.31,-,-,-,-,-,-,-,-,-,-,343.93,0.52,155.88,-0.92,-,-,-,-,-,-,-,-,-,-,-,-,111.25,-0.25,110.07,-1.04,75.52,0.20,71.12,0.06,-,-,-,-,73.44,0.87,86.70,0.84,74.28,1.23,95.60,-0.25,57.53,2.60,64.15,-0.77,76.56,0.82,-,-,-,-,-,-,88.09,-4.05,63.80,0.00,97.10,-4.67,62.65,0.22,78.00,-2.92,92.46,-2.33
1985M10,80.52,-2.93,50.47,-5.79,56.45,-1.52,52.58,-9.39,65.12,-4.93,60.76,-14.39,55.24,58.46,46.15,-7.03,-,-,91.32,-5.72,62.11,-15.49,56.42,-19.99,70.92,-8.27,21.61,-18.48,40.26,-1.73,50.00,2.00,47.77,5.71,46.13,-4.29,35.98,-6.08,26.72,0.41,-,-,-,-,-,-,88.87,-2.76,62.02,-5.67,-,-,61.69,1.65,64.29,1.15,-,-,44.69,-10.13,-,-,-,-,-,-,-,-,78.95,-0.13,68.02,-0.13,102.85,-0.12,54.29,0.00,70.81,-8.27,55.28,-12.39,76.05,-4.28,104.48,-1.80,91.98,2.25,87.94,2.79,-,-,-,-,118.70,-0.64,55.52,-5.58,52.64,-2.90,64.64,-12.68,60.61,-12.49,58.28,-26.33,58.70,-15.73,64.14,-1.28,95.67,0.74,45.13,-2.36,50.22,-4.87,79.85,-1.72,44.26,-4.32,54.84,-0.04,57.99,-5.14,61.21,-7.37,80.82,-1.92,74.04,-2.94,83.11,-1.83,78.77,-0.06,65.62,-5.73,100.10,1.43,76.16,-0.85,72.80,-3.00,79.94,-5.51,68.28,-1.20,76.98,-0.38,62.87,-2.38,92.07,0.84,83.14,-2.43,94.11,-3.49,117.60,-0.44,94.32,-2.17,71.50,-5.72,41.10,-5.12,45.22,-4.07,33.64,-5.59,-,-,50.78,-4.04,-,-,58.21,-8.42,23.77,-13.53,29.53,-10.11,61.47,-1.46,-,-,-,-,-,-,-,-,-,-,328.08,1.11,426.17,3.03,-,-,-,-,346.32,3.78,-,-,-,-,-,-,-,-,-,-,343.58,0.39,155.22,-1.45,-,-,-,-,-,-,-,-,-,-,-,-,111.07,-0.44,109.96,-1.18,75.64,0.25,70.76,-0.74,-,-,-,-,73.35,0.71,86.70,0.84,74.27,1.21,95.60,-0.25,57.29,1.94,63.81,-1.31,76.70,1.20,-,-,-,-,-,-,88.09,-4.05,63.80,0.00,97.10,-4.67,62.65,0.22,77.77,-2.80,92.23,-2.61
1985M11,80.34,-2.95,49.93,-5.76,54.62,-3.57,53.64,-8.26,68.63,-2.82,59.37,-14.74,38.38,30.68,46.40,-8.14,-,-,92.75,-3.15,61.35,-13.41,56.58,-15.67,68.57,-9.89,21.64,-15.04,42.39,0.19,53.21,7.32,49.75,4.65,51.02,12.35,37.42,-7.60,26.58,-0.52,-,-,-,-,-,-,88.74,-2.75,62.54,-4.66,-,-,62.10,3.33,64.25,1.09,-,-,44.75,-9.78,-,-,-,-,-,-,-,-,78.93,-0.19,68.02,-0.13,102.81,-0.26,54.29,0.00,70.77,-7.07,55.24,-10.14,76.01,-4.21,104.11,-2.26,91.28,0.64,87.24,1.08,-,-,-,-,118.04,-1.63,55.85,-4.46,51.95,-4.59,63.94,-12.07,60.07,-11.96,57.62,-25.84,57.76,-14.95,64.14,-1.28,95.67,0.74,45.12,-2.38,50.19,-3.94,80.51,-0.94,44.09,-2.82,54.84,-0.04,57.68,-3.87,61.41,-6.98,80.62,-1.67,73.83,-2.60,82.98,-1.44,78.76,-0.10,65.26,-5.16,100.01,1.35,75.87,-1.31,72.69,-3.31,79.88,-6.50,68.16,-0.99,76.63,-0.89,62.84,-2.27,91.46,-0.03,83.11,-2.09,94.05,-2.15,117.58,-0.28,94.14,-2.63,71.92,-3.54,41.02,-5.24,45.19,-4.14,33.62,-5.91,-,-,50.76,-4.03,-,-,58.10,-8.32,23.37,-13.92,29.02,-11.34,61.34,-1.98,-,-,-,-,-,-,-,-,-,-,326.05,0.34,421.09,1.40,-,-,-,-,344.31,3.24,-,-,-,-,-,-,-,-,-,-,343.28,0.24,154.55,-2.04,-,-,-,-,-,-,-,-,-,-,-,-,110.88,-0.71,109.72,-1.46,75.82,0.42,70.64,-0.97,-,-,-,-,73.26,0.27,86.70,0.13,74.26,0.99,95.60,-0.25,57.07,1.22,63.53,-1.94,76.48,0.54,-,-,-,-,-,-,88.09,-4.05,63.80,0.00,97.10,-4.67,62.65,0.22,77.73,-2.93,92.06,-2.56
1985M12,80.14,-2.97,49.09,-6.26,52.76,-7.26,53.34,-8.27,69.55,-3.78,57.54,-13.97,27.73,-7.07,46.83,-10.63,-,-,91.73,-3.83,60.30,-6.90,55.54,-6.06,67.49,-8.15,23.42,-7.69,42.23,-2.04,53.17,3.71,49.60,2.50,51.22,5.91,37.12,-8.53,26.55,-0.82,-,-,-,-,-,-,88.64,-2.69,62.58,-3.77,-,-,61.89,4.77,64.19,0.99,-,-,44.74,-9.43,-,-,-,-,-,-,-,-,78.93,-0.20,68.02,-0.13,102.80,-0.29,54.29,0.00,70.68,-6.63,55.17,-9.53,75.94,-3.91,104.14,-2.11,90.77,-0.11,86.69,0.29,-,-,-,-,117.85,-2.04,56.86,-2.35,51.98,-4.45,63.56,-11.49,59.82,-11.18,57.97,-22.41,57.11,-14.80,64.14,-1.28,95.67,0.74,45.01,-2.64,50.05,-3.90,80.38,-1.24,44.01,-2.44,54.61,-0.42,57.46,-3.56,61.19,-7.25,80.66,-1.93,73.88,-2.56,82.92,-1.51,78.75,-0.11,65.42,-4.98,100.01,0.29,75.73,-1.34,72.76,-2.95,80.17,-5.83,68.10,-0.80,76.46,-1.02,62.97,-2.01,90.99,-0.44,83.16,-1.92,94.09,-1.48,117.56,-0.86,94.15,-2.55,72.33,-2.63,40.98,-5.40,45.16,-4.32,33.51,-6.61,-,-,50.77,-3.94,-,-,57.99,-8.65,23.31,-13.92,28.91,-10.44,61.39,-1.89,-,-,-,-,-,-,-,-,-,-,326.09,0.24,421.41,1.24,-,-,-,-,343.72,3.67,-,-,-,-,-,-,-,-,-,-,343.17,0.15,154.21,-2.32,-,-,-,-,-,-,-,-,-,-,-,-,110.83,-0.79,109.60,-1.61,75.81,0.36,70.46,-1.30,-,-,-,-,73.25,0.21,86.70,0.00,74.26,0.99,95.60,-0.25,57.03,1.06,63.02,-2.78,76.39,0.24,-,-,-,-,-,-,88.09,-4.05,63.80,0.00,97.10,-4.67,62.65,0.22,77.70,-2.74,91.91,-2.61
1986M01,79.69,-3.17,49.43,-5.51,52.36,-7.83,52.49,-8.98,69.76,-4.19,54.83,-15.66,31.21,10.52,45.24,-18.19,-,-,92.12,-2.16,60.40,-8.87,53.53,-10.81,73.10,-3.80,24.57,-0.04,45.99,7.88,50.38,-2.50,46.85,-3.02,49.60,0.06,46.63,18.71,25.39,-4.91,-,-,-,-,-,-,88.61,-2.35,62.27,-3.96,-,-,61.40,2.56,64.71,1.44,-,-,44.16,-9.21,-,-,-,-,-,-,-,-,78.60,-0.59,67.94,-0.25,102.05,-0.96,54.29,0.00,71.62,-4.43,56.63,-6.13,75.55,-3.45,105.85,-0.27,89.29,-1.95,85.54,-1.08,-,-,-,-,114.17,-6.14,58.03,0.97,51.95,-3.04,64.88,-9.11,59.61,-11.00,57.65,-21.96,57.03,-14.27,63.82,-1.77,98.34,3.55,46.51,0.63,50.47,-1.96,78.88,-3.02,43.78,-2.41,53.16,-3.06,58.53,-1.70,59.87,-6.34,81.05,-1.27,74.22,-1.86,83.30,-1.06,80.08,1.59,65.16,-4.78,99.93,0.17,74.83,-2.57,72.88,-1.95,79.75,-5.01,68.16,-0.26,75.32,-2.71,61.74,-3.73,89.90,-2.11,83.57,-1.00,94.54,-0.90,117.11,-1.25,95.34,-0.48,73.66,-0.41,40.97,-5.45,44.67,-5.50,32.90,-7.82,-,-,50.08,-5.62,-,-,60.16,-5.38,23.91,-10.72,31.69,-1.03,61.50,-1.28,-,-,-,-,-,-,-,-,-,-,323.44,-0.36,407.65,-2.00,-,-,-,-,344.79,4.44,-,-,-,-,-,-,-,-,-,-,365.50,6.74,152.40,-1.66,-,-,-,-,-,-,-,-,-,-,-,-,111.47,-0.13,111.83,0.68,76.63,1.62,70.78,-0.65,-,-,-,-,74.13,1.56,87.79,1.26,76.79,4.43,96.11,0.28,56.31,-0.11,65.45,1.25,75.25,-1.36,-,-,-,-,-,-,88.17,-3.96,63.80,0.00,97.16,-4.61,62.53,0.03,79.31,-0.41,89.64,-4.62
1986M02,78.98,-3.57,50.33,-4.52,52.35,-8.92,52.51,-8.74,69.66,-4.46,54.96,-14.84,29.42,2.12,46.88,-20.50,-,-,91.22,-2.66,62.15,-5.32,53.76,-6.39,78.21,-0.82,24.77,2.91,48.00,9.94,50.85,-2.74,44.98,-4.62,52.53,-1.44,49.67,21.77,20.61,-21.61,-,-,-,-,-,-,88.36,-2.05,62.24,-2.99,-,-,62.06,1.70,64.71,0.97,-,-,44.01,-7.01,-,-,-,-,-,-,-,-,78.60,-0.52,67.94,-0.12,102.05,-0.94,54.29,0.00,71.57,-3.10,56.48,-4.61,75.82,-2.03,104.66,-0.97,88.88,-0.84,85.14,0.28,-,-,-,-,113.60,-6.35,58.32,1.99,51.55,-3.19,65.16,-8.06,60.00,-9.83,59.01,-18.93,56.83,-13.79,64.54,-0.65,98.35,3.56,45.62,-1.30,50.32,-1.08,78.86,-3.27,43.27,-1.88,53.46,-2.52,58.43,0.21,60.32,-4.89,80.86,-1.50,73.98,-2.10,83.30,-1.06,79.44,0.79,65.00,-4.82,99.87,-0.07,75.01,-2.00,73.07,-1.14,79.21,-4.84,69.11,1.45,75.50,-2.19,62.22,-2.52,89.96,-1.84,83.24,-1.19,93.11,-2.34,117.15,-1.36,94.97,-0.55,73.88,0.60,41.22,-4.94,45.01,-4.92,33.16,-8.09,-,-,50.58,-4.40,-,-,60.46,-4.91,24.66,-7.33,30.23,-4.85,60.94,-1.84,-,-,-,-,-,-,-,-,-,-,321.92,-0.47,406.88,-1.27,-,-,-,-,344.62,3.24,-,-,-,-,-,-,-,-,-,-,362.40,5.89,151.03,-1.85,-,-,-,-,-,-,-,-,-,-,-,-,110.77,-0.69,112.54,1.38,76.24,1.15,70.40,-1.10,-,-,-,-,74.26,1.84,87.79,1.26,76.90,4.60,96.11,0.28,56.53,0.32,65.35,1.11,74.71,-1.58,-,-,-,-,-,-,88.17,-3.96,63.80,0.00,97.16,-4.61,62.53,0.00,78.97,-0.03,89.57,-4.32
1986M03,78.43,-4.18,51.23,-1.48,54.05,-5.77,52.25,-10.01,69.24,-5.25,54.76,-16.64,32.76,8.58,52.27,-6.46,-,-,91.08,-3.13,64.11,1.50,57.08,5.76,76.99,-1.43,24.99,7.90,47.09,9.36,53.45,2.39,47.96,2.50,54.48,1.26,46.69,17.73,17.41,-34.18,-,-,-,-,-,-,88.08,-2.39,62.70,-1.85,-,-,62.65,1.21,64.71,1.16,-,-,43.77,-7.27,-,-,-,-,-,-,-,-,78.67,-0.41,67.92,-0.15,102.28,-0.67,54.29,0.00,72.57,-1.48,57.50,-2.36,76.86,-0.62,103.55,-2.03,88.45,-1.96,84.86,-0.67,-,-,-,-,112.22,-8.16,58.00,2.31,51.43,-3.83,66.02,-6.09,61.02,-7.15,60.35,-10.62,58.05,-11.95,65.18,0.34,98.35,3.56,42.72,-7.59,49.81,-2.08,78.60,-3.64,42.18,-4.87,53.53,-2.39,58.05,-0.48,60.80,-3.55,80.97,-1.11,74.06,-1.65,83.67,-0.26,79.44,0.76,64.95,-4.32,100.20,0.10,74.43,-2.91,73.17,-0.87,78.88,-4.69,69.66,2.10,74.77,-3.35,62.24,-2.48,88.80,-3.47,83.20,-1.43,92.54,-2.97,117.15,-1.32,94.93,-0.95,74.04,0.37,41.23,-5.07,45.11,-4.87,33.28,-8.22,-,-,50.64,-4.29,-,-,61.01,-4.10,24.67,-7.26,29.16,-8.82,61.44,-1.30,-,-,-,-,-,-,-,-,-,-,321.22,-1.53,406.87,-2.73,-,-,-,-,345.41,2.69,-,-,-,-,-,-,-,-,-,-,359.97,5.05,150.70,-2.31,-,-,-,-,-,-,-,-,-,-,-,-,110.69,-1.17,111.85,0.62,76.19,1.06,70.31,-0.99,-,-,-,-,74.31,1.63,88.40,1.96,77.09,4.83,95.96,0.13,56.31,-1.12,65.20,0.80,74.75,-1.57,-,-,-,-,-,-,86.72,-5.54,63.80,0.00,95.62,-6.13,60.47,-3.29,78.54,-0.51,89.61,-4.39
1986M04,79.15,-3.09,52.77,2.47,54.82,-0.35,51.62,-10.18,68.44,-3.73,54.07,-18.68,34.94,36.06,55.12,11.83,-,-,91.28,-2.35,69.71,7.33,66.64,19.02,73.28,-7.80,24.98,11.47,47.53,4.44,53.32,-5.61,46.00,-12.25,56.32,2.51,47.48,16.57,17.61,-33.67,-,-,-,-,-,-,88.76,-1.45,64.18,1.33,-,-,63.20,0.02,66.38,3.86,-,-,44.65,-2.60,-,-,-,-,-,-,-,-,79.10,0.11,67.92,-0.15,103.43,0.42,54.29,0.00,75.85,3.80,60.51,4.47,80.25,3.70,103.68,-1.86,88.12,-2.76,84.39,-1.65,-,-,-,-,112.68,-8.20,58.63,6.06,52.27,-2.52,66.90,-4.52,62.02,-5.12,63.23,-2.98,59.60,-9.64,64.76,-0.31,98.42,3.63,41.24,-10.81,48.78,-3.50,82.59,1.26,41.82,-5.47,53.90,-1.71,52.07,-10.55,62.42,0.73,81.95,-0.15,74.78,-0.95,86.05,2.38,79.18,0.71,65.21,-4.59,102.36,2.30,73.82,-3.87,74.27,0.61,80.82,-2.06,69.94,2.30,73.80,-4.80,60.11,-5.72,88.25,-4.44,84.84,0.26,94.89,-1.63,118.52,0.25,96.46,0.48,76.50,3.48,41.78,-3.49,45.72,-3.28,33.89,-5.68,-,-,51.29,-3.01,-,-,63.27,-0.55,24.77,-6.35,28.88,-8.84,62.53,0.30,-,-,-,-,-,-,-,-,-,-,327.22,0.02,428.81,2.14,-,-,-,-,333.15,-1.40,-,-,-,-,-,-,-,-,-,-,350.04,2.08,150.55,-2.70,-,-,-,-,-,-,-,-,-,-,-,-,111.86,-0.22,113.50,2.16,78.33,3.84,72.26,1.73,-,-,-,-,75.29,2.95,90.98,4.94,78.10,6.20,96.28,0.46,56.57,-0.72,65.77,1.65,75.72,-0.33,-,-,-,-,-,-,85.85,-6.49,63.80,0.00,94.70,-7.03,59.42,-4.97,78.85,0.23,90.72,-3.13
1986M05,78.99,-3.04,54.57,6.48,53.96,-3.49,51.10,-7.81,68.66,0.66,52.68,-18.36,30.85,15.33,55.07,-4.39,-,-,91.39,-1.98,81.87,32.37,82.76,53.66,75.91,1.59,24.98,13.70,46.72,4.52,52.82,-6.55,45.28,-12.32,56.08,-0.62,46.43,18.87,17.16,-35.56,-,-,-,-,-,-,88.38,-1.64,65.82,5.65,-,-,63.12,-0.05,66.35,3.53,-,-,44.86,-1.32,-,-,-,-,-,-,-,-,79.36,0.43,67.92,-0.15,104.09,1.02,54.29,0.00,76.51,4.78,60.75,5.27,81.40,4.92,104.52,-0.98,88.38,-3.52,84.97,-2.68,-,-,-,-,110.88,-7.70,58.85,6.77,53.15,-0.77,68.47,-1.55,63.73,-1.92,64.58,-0.28,62.72,-3.86,64.86,-0.15,98.56,3.78,36.25,-20.92,47.54,-6.14,82.51,1.04,39.64,-10.94,53.01,-3.34,50.72,-12.84,63.00,1.66,82.16,0.34,74.77,-0.65,86.16,2.34,79.31,0.85,65.06,-3.94,103.68,3.47,73.32,-4.48,73.72,-0.54,79.67,-3.93,69.97,1.98,73.32,-5.30,60.11,-5.61,87.49,-5.17,84.07,-0.54,93.39,-3.63,118.76,0.30,95.18,-0.80,76.92,6.97,41.68,-2.66,45.42,-3.11,33.02,-5.82,-,-,51.37,-2.51,-,-,63.89,4.06,25.22,-2.93,28.99,-7.70,62.80,1.14,-,-,-,-,-,-,-,-,-,-,326.54,-0.30,428.54,1.63,-,-,-,-,334.72,-1.43,-,-,-,-,-,-,-,-,-,-,343.04,-0.04,150.18,-3.22,-,-,-,-,-,-,-,-,-,-,-,-,111.18,-0.94,114.94,3.89,78.22,3.48,72.29,1.45,-,-,-,-,75.86,3.58,93.63,7.99,79.46,7.68,96.28,0.46,56.05,-1.82,65.74,1.61,75.42,-0.95,-,-,-,-,-,-,85.44,-6.94,63.80,0.00,94.70,-7.03,56.30,-10.14,78.15,-0.36,90.92,-2.70
1986M06,78.47,-3.10,54.28,9.04,54.52,1.62,49.54,-9.08,65.45,-2.91,52.11,-17.31,39.59,19.61,54.67,20.87,-,-,91.25,0.09,81.38,30.54,82.34,48.23,75.21,2.90,25.29,15.37,45.06,4.79,49.79,-5.40,43.73,-9.70,51.75,-0.33,45.47,16.14,14.47,-45.60,-,-,-,-,-,-,88.18,-1.46,65.45,5.56,-,-,61.14,-2.55,66.33,3.87,-,-,44.80,-1.21,-,-,-,-,-,-,-,-,79.26,0.32,67.92,-0.15,103.84,0.82,54.29,0.00,76.68,5.81,60.85,6.55,81.52,5.57,105.95,0.63,88.48,-3.06,85.09,-2.13,-,-,-,-,110.94,-7.56,58.77,6.16,52.79,-1.53,69.99,2.65,65.45,2.07,68.14,7.85,65.34,3.09,64.69,-1.46,98.70,3.93,36.30,-20.79,47.18,-6.65,82.49,1.18,39.01,-11.96,52.81,-3.70,50.65,-12.96,62.74,1.42,82.06,0.70,74.63,-0.27,86.60,3.69,78.65,0.03,64.89,-3.45,103.68,3.64,72.81,-4.66,71.85,-3.76,77.61,-6.91,68.25,-1.37,73.08,-4.84,59.77,-4.66,87.28,-5.06,84.26,-0.19,94.69,-2.20,118.96,0.32,95.31,-0.25,76.68,5.72,41.52,-1.73,45.40,-1.75,32.78,-4.71,-,-,51.68,-0.44,-,-,61.91,1.44,25.15,-2.29,28.47,-7.83,63.27,2.13,-,-,-,-,-,-,-,-,-,-,321.97,-1.25,408.73,-2.97,-,-,-,-,331.98,-2.15,-,-,-,-,-,-,-,-,-,-,342.03,-0.33,150.11,-3.19,-,-,-,-,-,-,-,-,-,-,-,-,111.06,-0.82,114.77,4.01,78.10,3.47,72.13,1.33,-,-,-,-,75.85,3.48,93.63,7.99,79.72,8.04,96.28,0.46,55.93,-2.27,65.48,1.36,74.27,-2.21,-,-,-,-,-,-,85.44,-6.94,63.80,0.00,94.70,-7.03,56.30,-10.14,77.93,-0.26,90.79,-2.46
1986M07,78.32,-3.20,52.34,4.24,51.69,-5.78,46.97,-14.04,61.61,-6.47,49.83,-23.61,43.01,7.55,46.78,2.05,-,-,88.99,-2.24,80.24,31.76,80.55,43.43,75.65,11.10,25.26,15.40,43.24,0.07,51.10,-4.24,45.67,-8.66,52.27,2.45,41.69,7.12,15.25,-42.82,-,-,-,-,-,-,88.14,-1.29,64.39,3.62,-,-,59.06,-5.76,66.33,3.17,-,-,44.39,-2.33,-,-,-,-,-,-,-,-,79.26,0.30,67.92,-0.15,103.84,0.78,54.29,0.00,76.20,6.54,60.11,7.42,81.61,6.43,104.94,0.04,89.41,-2.35,85.77,-1.62,-,-,-,-,113.43,-6.06,59.33,6.75,53.20,-1.30,70.95,5.64,66.66,5.91,71.19,20.21,66.27,5.98,65.52,0.51,98.70,3.93,35.89,-21.22,46.83,-7.41,82.67,1.75,38.54,-13.22,53.14,-3.10,50.42,-13.71,62.10,0.50,82.00,0.75,74.65,-0.08,86.60,3.90,79.27,0.65,64.55,-3.58,103.69,3.61,73.06,-3.77,72.12,-3.21,77.97,-5.81,68.44,-1.26,73.33,-3.88,59.56,-5.61,87.78,-3.08,83.74,-0.11,93.01,-2.74,118.01,-0.14,94.74,-0.40,76.76,7.58,41.64,0.19,45.48,0.15,32.76,-3.53,-,-,51.84,1.69,-,-,61.77,1.38,25.52,1.11,28.74,-4.71,63.19,2.13,-,-,-,-,-,-,-,-,-,-,326.07,-0.34,423.09,-0.57,-,-,-,-,328.75,-3.73,-,-,-,-,-,-,-,-,-,-,335.46,-2.33,149.26,-3.98,-,-,-,-,-,-,-,-,-,-,-,-,111.02,-0.30,114.89,3.70,78.17,3.44,72.11,1.16,-,-,-,-,76.20,3.63,94.61,9.12,79.93,7.62,96.28,0.63,56.08,-2.69,66.18,2.46,74.50,-2.33,-,-,-,-,-,-,85.44,-6.94,63.80,0.00,94.70,-7.03,56.30,-10.14,77.77,-0.27,91.07,-1.94
1986M08,78.22,-3.13,52.88,6.18,51.14,-4.21,46.46,-13.53,61.50,-6.11,48.74,-22.98,45.79,27.12,44.90,2.28,-,-,86.90,-4.09,83.12,27.84,82.45,36.01,80.61,12.73,24.98,14.53,44.12,4.97,51.31,-3.08,47.57,-4.90,50.65,1.69,43.03,16.58,16.51,-38.46,-,-,-,-,-,-,87.72,-1.75,63.86,2.31,-,-,56.73,-8.68,66.27,3.14,-,-,43.96,-2.79,-,-,-,-,-,-,-,-,79.26,0.27,67.92,-0.15,103.84,0.71,54.29,0.00,75.40,6.92,59.23,8.24,81.03,6.45,104.54,-0.39,87.87,-5.03,84.17,-4.50,-,-,-,-,112.26,-7.78,58.38,5.17,53.22,-0.80,71.56,8.06,67.45,8.91,74.32,25.08,66.54,9.05,65.98,2.61,98.70,3.61,36.00,-20.32,46.57,-8.13,82.44,1.23,38.03,-14.94,53.43,-2.57,50.40,-13.80,61.89,0.28,81.95,0.75,74.59,-0.09,86.60,3.27,79.22,0.53,64.44,-3.13,103.70,3.59,72.74,-4.64,72.08,-2.22,77.66,-4.45,68.66,-0.42,72.96,-5.17,59.81,-5.15,87.06,-5.19,83.70,0.18,93.50,-1.64,117.87,-0.25,94.42,-0.26,77.22,8.12,41.56,0.10,45.39,-0.13,32.78,-3.79,-,-,51.78,1.59,-,-,62.01,3.16,25.53,2.53,28.28,-5.64,63.36,2.46,-,-,-,-,-,-,-,-,-,-,320.88,-2.52,408.08,-4.78,-,-,-,-,322.71,-6.31,-,-,-,-,-,-,-,-,-,-,328.96,-4.36,148.17,-5.15,-,-,-,-,-,-,-,-,-,-,-,-,110.44,-1.00,114.30,3.83,78.11,3.35,72.12,1.18,-,-,-,-,75.96,3.46,94.61,9.12,79.82,7.46,96.28,0.71,55.71,-2.99,65.38,1.68,75.17,-1.76,-,-,-,-,-,-,85.44,-3.01,63.80,0.00,94.70,-2.47,56.30,-10.14,77.29,-1.05,90.87,-2.02
1986M09,78.04,-3.36,55.39,9.16,55.61,-0.79,45.43,-14.77,61.30,-6.68,46.59,-24.81,67.09,22.88,51.39,14.58,-,-,87.08,-2.70,83.90,31.84,79.29,34.76,90.30,27.40,25.01,14.46,45.68,11.06,51.50,-1.70,48.64,-3.89,49.92,5.63,45.46,27.62,16.14,-39.84,-,-,-,-,-,-,87.18,-2.14,63.54,1.84,-,-,56.17,-8.56,66.27,3.08,-,-,43.76,-2.60,-,-,-,-,-,-,-,-,79.26,0.38,67.92,-0.15,103.84,0.92,54.29,0.00,73.98,5.25,57.93,6.04,79.67,5.20,103.68,-1.03,87.61,-5.12,84.02,-4.71,-,-,-,-,111.33,-7.18,57.01,2.43,52.55,-1.65,71.93,9.18,67.97,10.39,76.88,30.06,66.36,9.81,66.56,3.68,98.70,3.17,36.05,-20.14,45.98,-8.66,82.20,2.69,37.17,-16.34,53.39,-2.64,50.44,-13.12,60.74,-0.99,81.53,0.67,74.08,-0.23,86.57,4.16,78.06,-0.94,64.03,-3.10,103.67,3.57,72.18,-5.60,71.78,-1.60,77.19,-3.62,68.59,0.23,72.35,-6.42,59.36,-5.73,86.30,-6.85,83.94,0.59,92.54,-2.16,118.15,0.48,94.33,-0.42,79.28,10.07,41.18,-0.17,44.88,-0.86,32.70,-3.08,-,-,50.93,0.14,-,-,62.01,5.44,25.17,2.90,28.58,-4.77,64.08,3.74,-,-,-,-,-,-,-,-,-,-,313.57,-4.80,404.27,-5.64,-,-,-,-,318.21,-8.68,-,-,-,-,-,-,-,-,-,-,327.11,-4.89,146.33,-6.13,-,-,-,-,-,-,-,-,-,-,-,-,109.88,-1.23,113.21,2.85,78.04,3.34,71.88,1.07,-,-,-,-,75.71,3.09,94.61,9.12,79.35,6.83,96.28,0.71,55.48,-3.56,65.20,1.64,75.07,-1.95,-,-,-,-,-,-,85.44,-3.01,63.80,0.00,94.70,-2.47,56.30,-10.14,76.70,-1.67,90.47,-2.15
1986M10,77.73,-3.46,54.69,8.36,56.78,0.58,47.86,-8.98,67.15,3.12,46.64,-23.24,67.65,22.47,50.62,9.69,-,-,88.43,-3.16,77.91,25.44,72.03,27.67,87.48,23.35,25.09,16.10,45.58,13.21,52.89,5.78,49.80,4.25,51.42,11.47,44.52,23.74,15.37,-42.48,-,-,-,-,-,-,87.01,-2.09,63.67,2.66,-,-,54.51,-11.64,66.27,3.08,-,-,43.61,-2.42,-,-,-,-,-,-,-,-,79.26,0.39,67.92,-0.15,103.84,0.96,54.29,0.00,73.73,4.12,57.86,4.67,79.12,4.04,103.98,-0.48,88.89,-3.36,85.12,-3.21,-,-,-,-,113.87,-4.07,57.74,4.00,52.56,-0.15,71.58,10.74,67.59,11.52,79.19,35.88,65.76,12.03,65.34,1.87,98.70,3.17,35.62,-21.07,45.60,-9.20,82.19,2.93,36.59,-17.33,53.18,-3.03,50.36,-13.16,60.27,-1.54,81.61,0.98,74.25,0.28,86.57,4.16,79.01,0.30,63.86,-2.68,103.65,3.55,71.99,-5.48,71.30,-2.06,77.25,-3.37,67.48,-1.17,72.20,-6.21,59.16,-5.90,86.18,-6.40,83.97,1.00,92.21,-2.02,118.05,0.38,94.28,-0.04,79.85,11.68,40.95,-0.36,44.62,-1.33,32.15,-4.43,-,-,50.79,0.02,-,-,62.03,6.56,25.03,5.30,28.36,-3.96,64.15,4.36,-,-,-,-,-,-,-,-,-,-,312.35,-4.79,400.40,-6.05,-,-,-,-,316.18,-8.70,-,-,-,-,-,-,-,-,-,-,327.15,-4.78,146.06,-5.90,-,-,-,-,-,-,-,-,-,-,-,-,109.72,-1.22,113.05,2.81,78.10,3.25,72.19,2.02,-,-,-,-,75.62,3.09,94.61,9.12,79.30,6.77,95.87,0.28,55.41,-3.28,65.15,2.10,74.10,-3.39,-,-,-,-,-,-,85.44,-3.01,63.80,0.00,94.70,-2.47,56.30,-10.14,76.58,-1.53,90.24,-2.16
1986M11,77.51,-3.52,53.47,7.09,55.64,1.87,49.36,-7.98,68.83,0.29,48.50,-18.31,46.01,19.88,56.84,22.50,-,-,89.06,-3.98,73.88,20.42,66.38,17.32,87.31,27.33,25.36,17.19,45.63,7.64,53.03,-0.34,49.72,-0.06,51.78,1.49,44.51,18.95,15.21,-42.78,-,-,-,-,-,-,86.93,-2.04,63.63,1.74,-,-,53.03,-14.61,66.27,3.14,-,-,43.66,-2.44,-,-,-,-,-,-,-,-,79.26,0.42,67.92,-0.15,103.84,1.00,54.29,0.00,73.99,4.55,57.99,4.98,79.62,4.75,103.59,-0.50,88.88,-2.63,85.45,-2.05,-,-,-,-,111.47,-5.57,58.27,4.33,52.63,1.31,71.09,11.18,67.02,11.57,78.25,35.80,65.08,12.67,65.04,1.40,98.70,3.17,35.91,-20.41,45.46,-9.42,82.25,2.16,36.74,-16.67,52.36,-4.52,49.84,-13.59,60.07,-2.18,81.45,1.03,74.05,0.30,87.14,5.01,78.00,-0.96,63.67,-2.44,103.65,3.64,72.23,-4.80,70.81,-2.59,77.04,-3.56,66.72,-2.11,72.61,-5.25,59.15,-5.87,86.82,-5.07,84.18,1.29,92.47,-1.68,118.05,0.40,94.47,0.35,80.24,11.57,40.97,-0.12,44.62,-1.26,32.04,-4.70,-,-,50.69,-0.14,-,-,62.00,6.71,25.06,7.23,28.66,-1.24,63.66,3.78,-,-,-,-,-,-,-,-,-,-,309.52,-5.07,395.74,-6.02,-,-,-,-,303.13,-11.96,-,-,-,-,-,-,-,-,-,-,325.45,-5.19,145.67,-5.75,-,-,-,-,-,-,-,-,-,-,-,-,109.47,-1.27,113.30,3.26,78.13,3.05,72.17,2.17,-,-,-,-,75.63,3.24,94.61,9.12,79.01,6.40,95.87,0.28,55.41,-2.91,65.05,2.39,74.05,-3.18,-,-,-,-,-,-,85.44,-3.01,63.80,0.00,94.70,-2.47,56.30,-10.14,76.44,-1.66,90.38,-1.82
1986M12,77.52,-3.27,52.34,6.62,53.07,0.59,48.95,-8.23,70.45,1.29,46.06,-19.95,36.70,32.35,55.12,17.70,-,-,85.41,-6.89,71.65,18.82,62.83,13.13,88.24,30.75,26.10,11.44,46.92,11.11,54.20,1.94,51.96,4.76,51.72,0.98,45.95,23.79,18.83,-29.08,-,-,-,-,-,-,86.55,-2.36,63.10,0.83,-,-,51.57,-16.67,66.21,3.15,-,-,43.45,-2.88,-,-,-,-,-,-,-,-,79.26,0.42,67.92,-0.15,103.84,1.01,54.29,0.00,74.80,5.83,58.50,6.04,80.80,6.40,103.88,-0.25,87.40,-3.71,84.12,-2.96,-,-,-,-,108.95,-7.55,58.49,2.87,52.51,1.02,70.82,11.42,66.70,11.50,76.71,32.33,64.59,13.10,65.44,2.03,98.70,3.17,35.47,-21.20,45.39,-9.31,82.15,2.20,36.59,-16.86,52.34,-4.16,49.80,-13.33,60.19,-1.63,81.53,1.08,74.09,0.28,87.79,5.87,77.20,-1.97,63.83,-2.43,103.60,3.59,71.85,-5.12,70.80,-2.69,77.09,-3.84,66.60,-2.20,72.15,-5.64,59.60,-5.35,85.89,-5.61,84.29,1.36,92.21,-2.00,118.05,0.42,94.70,0.58,80.30,11.02,40.56,-1.02,44.28,-1.95,31.82,-5.04,-,-,50.29,-0.95,-,-,59.57,2.72,24.97,7.12,28.32,-2.04,63.65,3.68,-,-,-,-,-,-,-,-,-,-,308.06,-5.53,393.75,-6.56,-,-,-,-,316.70,-7.86,-,-,-,-,-,-,-,-,-,-,326.09,-4.98,144.19,-6.50,-,-,-,-,-,-,-,-,-,-,-,-,109.24,-1.43,112.43,2.58,78.16,3.10,72.48,2.87,-,-,-,-,75.57,3.17,94.82,9.37,78.80,6.11,95.48,-0.13,55.24,-3.14,64.65,2.59,73.20,-4.18,-,-,-,-,-,-,85.44,-3.01,63.80,0.00,94.70,-2.47,56.30,-10.14,76.01,-2.18,90.11,-1.96
1987M01,77.03,-3.34,51.16,3.50,51.43,-1.78,48.82,-6.99,71.59,2.62,44.66,-18.55,30.55,-2.11,53.42,18.08,-,-,84.02,-8.79,69.17,14.52,62.76,17.24,80.37,9.95,26.17,6.51,46.94,2.07,51.43,2.08,47.67,1.75,50.80,2.42,47.58,2.04,17.59,-30.72,-,-,-,-,-,-,86.29,-2.62,62.51,0.39,-,-,51.01,-16.92,65.41,1.08,-,-,43.38,-1.77,-,-,-,-,-,-,-,-,79.26,0.84,67.92,-0.03,103.84,1.75,54.29,0.00,74.65,4.23,58.01,2.44,81.14,7.40,104.00,-1.75,90.30,1.13,87.31,2.07,-,-,-,-,110.03,-3.63,57.38,-1.12,52.46,0.98,71.68,10.48,67.79,13.72,79.24,37.45,65.14,14.22,66.62,4.39,98.70,0.37,35.39,-23.91,45.11,-10.62,80.88,2.54,36.26,-17.18,51.84,-2.48,49.75,-15.00,59.95,0.13,81.57,0.64,74.16,-0.08,87.85,5.46,77.25,-3.53,63.91,-1.92,103.53,3.60,71.31,-4.70,70.25,-3.61,75.95,-4.76,66.66,-2.20,71.61,-4.93,59.67,-3.35,85.01,-5.44,84.02,0.54,92.28,-2.39,118.72,1.37,94.04,-1.36,80.54,9.34,40.01,-2.34,43.75,-2.06,31.17,-5.26,-,-,49.91,-0.34,-,-,58.43,-2.88,24.40,2.05,27.80,-12.28,63.38,3.06,-,-,-,-,-,-,-,-,-,-,306.06,-5.37,383.13,-6.01,-,-,-,-,351.03,1.81,-,-,-,-,-,-,-,-,-,-,318.53,-12.85,142.18,-6.71,-,-,-,-,-,-,-,-,-,-,-,-,108.55,-2.62,111.90,0.06,77.77,1.49,72.52,2.46,-,-,-,-,75.38,1.69,95.02,8.24,78.44,2.15,95.48,-0.66,55.10,-2.15,64.25,-1.83,74.86,-0.52,-,-,-,-,-,-,85.44,-3.10,63.80,0.00,94.70,-2.53,56.30,-9.96,75.70,-4.55,90.14,0.56
1987M02,76.87,-2.67,50.05,-0.56,52.17,-0.34,48.75,-7.16,71.16,2.15,44.90,-18.30,30.32,3.06,57.10,21.80,-,-,83.40,-8.57,64.55,3.86,59.44,10.57,72.98,-6.69,26.45,6.78,44.90,-6.46,49.70,-2.26,45.06,0.18,50.16,-4.51,45.24,-8.92,18.21,-11.64,-,-,-,-,-,-,86.12,-2.54,61.89,-0.56,-,-,50.70,-18.30,64.85,0.22,-,-,43.07,-2.14,-,-,-,-,-,-,-,-,79.21,0.78,67.89,-0.07,103.76,1.68,54.29,0.00,74.99,4.78,58.31,3.24,81.58,7.60,103.78,-0.84,90.35,1.65,86.85,2.01,-,-,-,-,113.46,-0.12,56.91,-2.42,52.99,2.79,73.11,12.20,69.56,15.93,82.36,39.57,66.32,16.70,68.56,6.23,98.70,0.36,35.43,-22.34,44.77,-11.03,81.23,3.01,35.58,-17.77,50.98,-4.64,49.66,-15.01,60.11,-0.35,81.52,0.82,74.03,0.07,87.62,5.19,77.37,-2.61,63.70,-2.00,103.93,4.07,71.30,-4.95,70.24,-3.87,75.91,-4.17,66.67,-3.53,71.59,-5.18,60.45,-2.84,84.63,-5.92,83.80,0.67,92.33,-0.84,118.98,1.56,93.63,-1.41,80.40,8.83,39.81,-3.42,43.58,-3.18,31.09,-6.24,-,-,49.62,-1.90,-,-,58.86,-2.65,23.77,-3.61,27.76,-8.17,63.17,3.66,-,-,-,-,-,-,-,-,-,-,304.58,-5.39,382.14,-6.08,-,-,-,-,342.97,-0.48,-,-,-,-,-,-,-,-,-,-,316.00,-12.80,141.58,-6.26,-,-,-,-,-,-,-,-,-,-,-,-,108.27,-2.26,111.76,-0.69,77.84,2.10,72.63,3.17,-,-,-,-,75.30,1.40,95.11,8.34,78.28,1.79,95.48,-0.66,54.98,-2.74,64.18,-1.79,74.59,-0.16,-,-,-,-,-,-,85.44,-3.10,63.80,0.00,94.70,-2.53,56.30,-9.96,75.37,-4.56,90.34,0.86
1987M03,76.71,-2.19,49.12,-4.12,52.52,-2.83,48.73,-6.74,69.97,1.05,45.98,-16.03,30.46,-7.02,58.49,11.90,-,-,83.44,-8.39,60.69,-5.33,55.68,-2.45,69.14,-10.20,26.41,5.68,43.73,-7.14,50.12,-6.23,45.18,-5.80,50.87,-6.63,43.08,-7.73,18.05,3.68,-,-,-,-,-,-,86.19,-2.15,61.21,-2.38,-,-,47.17,-24.71,64.85,0.22,-,-,42.75,-2.33,-,-,-,-,-,-,-,-,79.21,0.69,67.89,-0.04,103.76,1.45,54.29,0.00,75.69,4.30,59.12,2.82,81.84,6.48,104.98,1.38,90.23,2.01,86.83,2.32,-,-,-,-,112.75,0.47,57.51,-0.84,52.92,2.90,73.83,11.83,70.38,15.34,83.37,38.14,67.46,16.21,68.93,5.75,98.70,0.36,35.38,-17.18,45.40,-8.85,81.05,3.12,36.27,-14.01,51.15,-4.45,50.78,-12.52,60.45,-0.58,81.49,0.64,73.99,-0.09,87.83,4.97,77.39,-2.58,63.48,-2.26,104.18,3.97,71.41,-4.06,69.96,-4.39,75.74,-3.98,66.27,-4.87,71.78,-4.00,60.50,-2.80,84.91,-4.38,83.89,0.83,92.21,-0.36,118.96,1.55,93.44,-1.57,81.55,10.14,39.55,-4.07,43.24,-4.15,30.62,-7.99,-,-,49.42,-2.41,-,-,59.87,-1.87,23.35,-5.35,27.65,-5.18,63.17,2.82,-,-,-,-,-,-,-,-,-,-,302.90,-5.70,380.90,-6.38,-,-,-,-,339.30,-1.77,-,-,-,-,-,-,-,-,-,-,315.66,-12.31,140.78,-6.58,-,-,-,-,-,-,-,-,-,-,-,-,108.60,-1.89,110.96,-0.80,77.89,2.23,72.68,3.37,-,-,-,-,75.71,1.88,95.11,7.59,79.36,2.94,95.48,-0.50,55.38,-1.65,64.10,-1.69,73.92,-1.11,-,-,-,-,-,-,82.87,-4.44,63.80,0.00,91.36,-4.46,56.30,-6.90,75.33,-4.09,90.62,1.13
1987M04,76.48,-3.37,49.86,-5.51,53.08,-3.17,46.60,-9.72,67.69,-1.10,43.25,-20.01,36.16,3.49,60.11,9.05,-,-,84.86,-7.03,62.74,-10.00,60.44,-9.30,64.93,-11.39,25.85,3.48,44.37,-6.65,50.28,-5.70,43.73,-4.93,52.75,-6.34,44.02,-7.29,17.70,0.51,-,-,-,-,-,-,85.92,-3.20,60.97,-5.00,-,-,44.04,-30.32,64.72,-2.50,-,-,42.59,-4.61,-,-,-,-,-,-,-,-,79.09,-0.01,67.89,-0.04,103.45,0.02,54.29,0.00,75.31,-0.71,59.03,-2.45,81.22,1.21,104.09,0.40,90.81,3.05,87.27,3.41,-,-,-,-,114.14,1.30,58.31,-0.55,52.27,0.00,73.55,9.94,70.02,12.90,82.33,30.21,67.51,13.27,68.35,5.54,98.70,0.28,35.38,-14.21,45.86,-5.99,81.49,-1.33,36.34,-13.10,51.34,-4.75,52.22,0.29,60.87,-2.48,81.17,-0.95,73.61,-1.56,87.97,2.23,76.70,-3.13,62.98,-3.42,104.15,1.75,71.73,-2.83,69.52,-6.40,75.20,-6.95,65.91,-5.76,72.26,-2.09,60.49,0.63,85.67,-2.92,83.46,-1.63,91.79,-3.27,118.97,0.38,92.30,-4.31,82.76,8.18,39.12,-6.37,42.70,-6.61,29.91,-11.74,-,-,49.18,-4.11,-,-,59.63,-5.75,23.29,-5.97,27.38,-5.19,63.12,0.94,-,-,-,-,-,-,-,-,-,-,296.32,-9.44,359.04,-16.27,-,-,-,-,329.04,-1.23,-,-,-,-,-,-,-,-,-,-,312.63,-10.69,139.07,-7.63,-,-,-,-,-,-,-,-,-,-,-,-,108.51,-2.99,110.26,-2.85,78.09,-0.31,72.54,0.39,-,-,-,-,75.73,0.58,95.11,4.54,79.12,1.31,95.48,-0.83,55.52,-1.86,64.03,-2.65,72.48,-4.28,-,-,-,-,-,-,80.79,-5.89,63.80,0.00,88.66,-6.38,56.30,-5.25,75.08,-4.78,90.38,-0.37
1987M05,76.50,-3.15,54.59,0.04,62.14,15.16,45.58,-10.80,65.49,-4.62,42.99,-18.39,35.29,14.39,99.81,81.24,-,-,85.41,-6.54,68.31,-16.56,68.50,-17.23,64.58,-14.93,25.13,0.60,43.66,-6.55,49.38,-6.51,43.04,-4.95,51.68,-7.85,43.38,-6.57,17.21,0.29,-,-,-,-,-,-,85.30,-3.48,61.35,-6.79,-,-,45.48,-27.95,64.75,-2.41,-,-,42.25,-5.82,-,-,-,-,-,-,-,-,79.08,-0.35,67.85,-0.10,103.46,-0.61,54.29,0.00,74.83,-2.20,59.22,-2.52,80.05,-1.66,101.34,-3.04,90.38,2.26,86.35,1.62,-,-,-,-,117.08,5.59,59.03,0.31,51.10,-3.86,72.94,6.53,69.20,8.58,79.47,23.06,67.50,7.62,67.35,3.84,98.70,0.14,35.24,-2.79,46.77,-1.62,80.43,-2.52,37.69,-4.92,50.99,-3.81,53.32,5.13,61.57,-2.27,80.65,-1.84,73.24,-2.05,87.69,1.78,77.24,-2.61,62.02,-4.67,103.76,0.08,70.85,-3.37,69.38,-5.89,74.29,-6.75,66.59,-4.83,71.24,-2.84,59.93,-0.30,84.31,-3.63,82.65,-1.69,92.63,-0.81,118.97,0.18,90.68,-4.73,82.36,7.07,38.84,-6.81,42.40,-6.65,29.52,-10.60,-,-,49.05,-4.52,-,-,59.62,-6.68,23.17,-8.13,26.61,-8.21,62.45,-0.56,-,-,-,-,-,-,-,-,-,-,288.50,-11.65,355.04,-17.15,-,-,-,-,337.64,0.87,-,-,-,-,-,-,-,-,-,-,306.02,-10.79,135.34,-9.88,-,-,-,-,-,-,-,-,-,-,-,-,108.06,-2.81,111.66,-2.85,77.57,-0.83,71.91,-0.53,-,-,-,-,76.03,0.22,95.11,1.58,78.15,-1.65,95.48,-0.83,56.46,0.73,62.73,-4.58,70.21,-6.91,-,-,-,-,-,-,80.79,-5.44,63.80,0.00,88.66,-6.38,56.30,0.00,74.72,-4.39,89.32,-1.76
1987M06,75.69,-3.54,54.53,0.46,61.44,12.69,42.95,-13.30,61.35,-6.26,40.84,-21.63,35.61,-10.05,105.19,92.41,-,-,79.34,-13.05,70.81,-12.99,72.79,-11.60,62.92,-16.34,24.85,-1.74,42.89,-4.82,48.77,-2.05,41.09,-6.04,52.53,1.51,42.46,-6.62,16.57,14.51,-,-,-,-,-,-,84.35,-4.34,60.65,-7.33,-,-,46.02,-24.73,64.75,-2.38,-,-,41.99,-6.27,-,-,-,-,-,-,-,-,79.08,-0.23,67.85,-0.10,103.48,-0.35,54.29,0.00,74.33,-3.06,58.92,-3.17,79.42,-2.58,100.08,-5.54,88.30,-0.20,83.62,-1.73,-,-,-,-,119.42,7.64,60.14,2.33,50.40,-4.53,71.89,2.71,67.89,3.73,76.96,12.94,66.67,2.04,65.93,1.92,98.70,0.00,35.24,-2.92,46.84,-0.72,80.00,-3.02,37.50,-3.87,49.97,-5.38,54.49,7.58,61.36,-2.20,80.16,-2.32,72.67,-2.63,87.09,0.57,76.30,-2.99,61.67,-4.96,103.50,-0.17,69.91,-3.98,69.02,-3.94,73.90,-4.78,66.25,-2.93,70.16,-4.00,58.55,-2.04,83.26,-4.61,81.93,-2.77,91.99,-2.85,118.97,0.01,89.46,-6.14,82.31,7.34,38.52,-7.23,41.86,-7.80,29.07,-11.32,-,-,48.32,-6.50,-,-,59.70,-3.57,23.14,-7.99,27.62,-2.99,61.59,-2.66,-,-,-,-,-,-,-,-,-,-,282.19,-12.36,347.69,-14.93,-,-,-,-,327.56,-1.33,-,-,-,-,-,-,-,-,-,-,299.86,-12.33,130.22,-13.25,-,-,-,-,-,-,-,-,-,-,-,-,106.76,-3.87,110.01,-4.15,77.08,-1.31,71.21,-1.28,-,-,-,-,75.50,-0.46,95.11,1.58,77.29,-3.05,95.48,-0.83,55.64,-0.52,62.12,-5.13,68.70,-7.50,-,-,-,-,-,-,80.79,-5.44,63.80,0.00,88.66,-6.38,56.30,0.00,73.79,-5.31,88.51,-2.51
1987M07,75.90,-3.09,54.62,4.36,61.71,19.38,42.46,-9.60,60.90,-1.15,40.15,-19.43,51.58,19.93,97.69,108.83,-,-,77.90,-12.46,73.08,-8.92,74.39,-7.65,66.58,-11.99,25.49,0.91,40.95,-5.30,47.65,-6.75,41.15,-9.90,50.28,-3.81,39.91,-4.27,16.73,9.70,-,-,-,-,-,-,84.59,-4.03,60.41,-6.18,-,-,42.29,-28.39,64.75,-2.38,-,-,41.80,-5.83,-,-,-,-,-,-,-,-,79.08,-0.23,67.85,-0.10,103.48,-0.35,54.29,0.00,73.92,-2.99,58.93,-1.96,78.72,-3.54,97.57,-7.02,88.81,-0.67,84.09,-1.96,-,-,-,-,120.25,6.01,60.11,1.31,51.45,-3.29,71.52,0.80,67.48,1.23,78.99,10.96,66.09,-0.27,64.73,-1.21,98.75,0.05,35.11,-2.17,47.35,1.11,80.31,-2.85,38.40,-0.36,49.52,-6.81,55.08,9.24,61.38,-1.16,79.84,-2.63,72.37,-3.05,87.01,0.47,76.27,-3.78,61.09,-5.36,103.49,-0.19,70.69,-3.24,69.36,-3.83,74.54,-4.40,66.27,-3.17,71.05,-3.11,58.40,-1.95,84.70,-3.51,82.28,-1.74,92.31,-0.75,119.00,0.84,89.36,-5.68,83.52,8.81,37.98,-8.79,41.17,-9.48,28.58,-12.76,-,-,47.50,-8.37,-,-,59.84,-3.12,23.09,-9.52,26.89,-6.44,61.42,-2.80,-,-,-,-,-,-,-,-,-,-,281.32,-13.72,348.61,-17.60,-,-,-,-,329.38,0.19,-,-,-,-,-,-,-,-,-,-,300.81,-10.33,129.41,-13.30,-,-,-,-,-,-,-,-,-,-,-,-,106.65,-3.94,109.69,-4.53,77.06,-1.42,71.53,-0.80,-,-,-,-,76.91,0.93,95.20,0.62,78.15,-2.23,95.48,-0.83,58.06,3.53,62.75,-5.18,69.37,-6.89,-,-,-,-,-,-,80.79,-5.44,63.80,0.00,88.66,-6.38,56.30,0.00,73.85,-5.04,88.98,-2.29
1987M08,75.65,-3.29,55.17,4.33,62.57,22.35,42.02,-9.56,61.43,-0.11,38.63,-20.74,58.24,27.19,98.82,120.09,-,-,76.14,-12.38,74.87,-9.93,75.67,-8.22,69.46,-13.83,26.18,4.80,40.06,-9.20,47.75,-6.94,41.19,-13.41,50.45,-0.39,38.38,-10.81,16.62,0.67,-,-,-,-,-,-,84.19,-4.02,60.04,-5.98,-,-,40.55,-28.52,64.68,-2.40,-,-,41.59,-5.39,-,-,-,-,-,-,-,-,79.08,-0.23,67.85,-0.10,103.48,-0.35,54.29,0.00,74.20,-1.59,59.50,0.46,78.69,-2.89,96.38,-7.81,88.28,0.47,83.77,-0.48,-,-,-,-,118.16,5.26,59.70,2.26,51.55,-3.14,71.03,-0.74,66.82,-0.93,77.64,4.47,65.14,-2.10,64.69,-1.96,99.18,0.49,35.27,-2.03,46.85,0.60,81.65,-0.96,38.13,0.26,49.08,-8.14,53.42,5.99,61.20,-1.11,79.46,-3.04,72.04,-3.42,86.86,0.30,76.47,-3.47,60.31,-6.41,103.43,-0.26,70.10,-3.63,69.30,-3.86,74.40,-4.20,66.28,-3.47,70.33,-3.60,56.95,-4.78,84.26,-3.22,81.94,-2.10,91.92,-1.69,119.01,0.97,88.77,-5.98,83.60,8.26,37.67,-9.36,40.66,-10.42,28.28,-13.73,-,-,46.82,-9.58,-,-,59.81,-3.55,23.35,-8.54,27.21,-3.78,61.05,-3.65,-,-,-,-,-,-,-,-,-,-,279.53,-12.89,342.36,-16.10,-,-,-,-,321.01,-0.53,-,-,-,-,-,-,-,-,-,-,296.74,-9.79,127.46,-13.98,-,-,-,-,-,-,-,-,-,-,-,-,106.35,-3.70,108.56,-5.02,76.77,-1.72,72.05,-0.10,-,-,-,-,78.47,3.30,95.20,0.62,77.73,-2.62,95.48,-0.83,61.29,10.02,62.17,-4.91,68.24,-9.22,-,-,-,-,-,-,80.79,-5.44,63.80,0.00,88.66,-6.38,56.30,0.00,73.36,-5.08,88.73,-2.36
1987M09,75.22,-3.61,51.58,-6.88,54.58,-1.85,42.36,-6.76,62.19,1.45,38.69,-16.96,53.55,-20.18,67.80,31.93,-,-,76.65,-11.98,74.06,-11.73,72.85,-8.12,73.25,-18.88,26.97,7.84,39.77,-12.94,46.66,-9.40,41.52,-14.64,47.94,-3.97,38.54,-15.22,16.45,1.92,-,-,-,-,-,-,84.27,-3.34,59.72,-6.01,-,-,39.02,-30.53,64.65,-2.44,-,-,41.40,-5.39,-,-,-,-,-,-,-,-,79.08,-0.23,67.85,-0.10,103.48,-0.35,54.29,0.00,74.94,1.30,60.78,4.92,78.56,-1.39,96.25,-7.17,90.17,2.92,85.56,1.83,-,-,-,-,120.88,8.58,59.22,3.88,51.59,-1.83,73.16,1.71,66.59,-2.03,76.48,-0.52,65.12,-1.87,64.57,-2.99,114.19,15.69,34.64,-3.91,46.98,2.17,82.79,0.72,38.07,2.42,49.01,-8.20,53.99,7.04,61.14,0.66,79.18,-2.88,71.74,-3.16,86.86,0.33,76.00,-2.64,59.93,-6.40,103.40,-0.26,70.31,-2.59,69.36,-3.37,74.64,-3.30,66.17,-3.53,70.58,-2.45,57.89,-2.48,84.22,-2.41,81.14,-3.34,91.81,-0.79,118.66,0.43,87.53,-7.21,83.23,4.98,37.81,-8.18,40.81,-9.07,29.17,-10.80,-,-,46.57,-8.56,-,-,61.11,-1.45,23.26,-7.59,26.85,-6.05,60.84,-5.06,-,-,-,-,-,-,-,-,-,-,280.25,-10.63,346.84,-14.21,-,-,-,-,318.96,0.24,-,-,-,-,-,-,-,-,-,-,295.75,-9.59,126.92,-13.26,-,-,-,-,-,-,-,-,-,-,-,-,105.94,-3.59,108.21,-4.42,76.96,-1.38,72.33,0.63,-,-,-,-,77.99,3.01,95.20,0.62,76.56,-3.52,95.48,-0.83,60.91,9.79,61.93,-5.02,67.85,-9.62,-,-,-,-,-,-,79.57,-6.87,63.80,0.00,87.07,-8.06,56.30,0.00,73.36,-4.35,88.90,-1.74
1987M10,74.90,-3.64,47.85,-12.51,47.61,-16.15,42.57,-11.05,62.40,-7.07,38.98,-16.42,38.73,-42.75,48.00,-5.18,-,-,76.88,-13.06,71.86,-7.77,71.44,-0.82,69.32,-20.76,27.79,10.76,38.34,-15.88,44.88,-15.14,42.12,-15.42,43.79,-14.84,37.21,-16.42,16.39,6.64,-,-,-,-,-,-,84.51,-2.87,59.51,-6.53,-,-,37.03,-32.07,64.33,-2.93,-,-,41.35,-5.18,-,-,-,-,-,-,-,-,79.06,-0.25,67.85,-0.10,103.41,-0.41,54.29,0.00,74.90,1.59,60.59,4.72,78.59,-0.67,97.45,-6.28,90.86,2.22,85.79,0.79,-,-,-,-,124.60,9.42,59.73,3.45,51.94,-1.18,73.14,2.18,66.57,-1.51,75.90,-4.15,64.90,-1.31,65.05,-0.44,114.19,15.69,34.16,-4.10,46.90,2.85,82.92,0.89,38.20,4.40,47.33,-11.00,54.51,8.24,60.36,0.15,78.87,-3.36,71.37,-3.88,86.68,0.13,75.18,-4.85,59.74,-6.45,103.12,-0.51,70.37,-2.25,69.49,-2.54,74.93,-3.00,66.15,-1.97,70.62,-2.19,58.07,-1.84,84.20,-2.30,80.99,-3.55,92.03,-0.20,119.83,1.51,87.52,-7.17,82.03,2.73,39.61,-3.27,43.30,-2.96,32.01,-0.44,-,-,48.65,-4.21,-,-,62.10,0.11,23.42,-6.43,26.38,-6.98,60.72,-5.35,-,-,-,-,-,-,-,-,-,-,279.00,-10.68,343.72,-14.16,-,-,-,-,317.82,0.52,-,-,-,-,-,-,-,-,-,-,295.21,-9.76,126.65,-13.29,-,-,-,-,-,-,-,-,-,-,-,-,106.10,-3.30,107.83,-4.62,76.70,-1.79,72.32,0.18,-,-,-,-,78.50,3.81,95.28,0.71,78.48,-1.03,95.48,-0.41,61.26,10.56,61.83,-5.10,67.97,-8.27,-,-,-,-,-,-,77.07,-9.80,63.80,0.00,83.81,-11.50,56.30,0.00,73.62,-3.87,89.03,-1.34
1987M11,75.01,-3.23,48.76,-8.81,50.21,-9.76,43.75,-11.37,65.05,-5.49,39.18,-19.22,47.21,2.61,51.51,-9.38,-,-,76.22,-14.42,71.12,-3.74,72.79,9.66,63.86,-26.86,28.41,12.03,37.92,-16.90,44.89,-15.35,43.23,-13.05,42.62,-17.69,36.50,-18.00,16.40,7.82,-,-,-,-,-,-,84.53,-2.76,59.93,-5.81,-,-,34.84,-34.30,63.61,-4.01,-,-,41.31,-5.38,-,-,-,-,-,-,-,-,79.05,-0.26,67.85,-0.10,103.38,-0.44,54.29,0.00,74.41,0.57,60.02,3.50,77.97,-2.07,99.75,-3.71,89.35,0.53,83.81,-1.92,-,-,-,-,126.33,13.33,59.47,2.06,52.88,0.48,73.53,3.43,67.10,0.12,75.86,-3.05,64.59,-0.75,66.86,2.80,114.19,15.69,33.90,-5.60,46.93,3.23,82.98,0.89,37.95,3.29,47.33,-9.61,55.80,11.96,59.44,-1.05,79.16,-2.81,71.65,-3.24,86.29,-0.98,75.30,-3.46,60.50,-4.98,103.11,-0.52,70.70,-2.12,69.44,-1.93,74.95,-2.71,66.01,-1.06,71.05,-2.15,57.82,-2.25,84.97,-2.13,80.81,-4.00,91.94,-0.57,119.79,1.47,87.29,-7.60,81.73,1.86,39.97,-2.44,43.64,-2.20,32.05,0.03,-,-,49.17,-3.00,-,-,62.77,1.24,23.84,-4.87,26.54,-7.40,60.79,-4.51,-,-,-,-,-,-,-,-,-,-,279.28,-9.77,345.38,-12.73,-,-,-,-,315.81,4.18,-,-,-,-,-,-,-,-,-,-,295.02,-9.35,126.00,-13.50,-,-,-,-,-,-,-,-,-,-,-,-,106.29,-2.90,107.91,-4.76,76.64,-1.91,72.25,0.11,-,-,-,-,78.62,3.95,95.30,0.73,78.56,-0.57,95.48,-0.41,61.41,10.83,61.72,-5.12,68.27,-7.81,-,-,-,-,-,-,77.07,-9.80,63.80,0.00,83.81,-11.50,56.30,0.00,73.52,-3.82,89.34,-1.15
1987M12,74.47,-3.93,50.57,-3.38,53.93,1.62,44.82,-8.44,67.88,-3.65,38.97,-15.39,63.83,73.92,53.99,-2.05,-,-,76.57,-10.35,70.37,-1.79,70.83,12.73,65.90,-25.32,28.43,8.93,39.17,-16.52,46.13,-14.89,43.71,-15.88,44.55,-13.86,37.84,-17.65,15.83,-15.93,-,-,-,-,-,-,83.67,-3.33,59.65,-5.47,-,-,32.87,-36.26,63.61,-3.93,-,-,41.28,-4.99,-,-,-,-,-,-,-,-,79.05,-0.26,67.85,-0.10,103.38,-0.44,54.29,0.00,72.46,-3.13,57.78,-1.23,76.61,-5.19,99.91,-3.82,87.54,0.16,82.05,-2.46,-,-,-,-,124.31,14.10,58.32,-0.29,52.27,-0.46,73.30,3.50,66.82,0.18,75.58,-1.47,64.20,-0.60,66.71,1.94,114.19,15.69,33.06,-6.79,46.42,2.27,82.55,0.49,37.83,3.39,47.45,-9.34,56.17,12.79,56.42,-6.26,78.85,-3.29,71.33,-3.73,86.17,-1.85,75.18,-2.62,59.96,-6.06,102.99,-0.59,70.45,-1.95,70.04,-1.07,74.56,-3.28,67.65,1.58,70.61,-2.13,57.65,-3.27,84.37,-1.77,80.38,-4.64,92.20,-0.01,119.79,1.47,86.48,-8.68,81.64,1.67,39.54,-2.51,42.57,-3.86,30.43,-4.37,-,-,48.54,-3.48,-,-,62.22,4.45,26.09,4.49,27.09,-4.34,60.35,-5.18,-,-,-,-,-,-,-,-,-,-,277.04,-10.07,337.01,-14.41,-,-,-,-,307.09,-3.03,-,-,-,-,-,-,-,-,-,-,290.81,-10.82,123.28,-14.50,-,-,-,-,-,-,-,-,-,-,-,-,105.79,-3.16,106.13,-5.60,76.26,-2.43,71.96,-0.72,-,-,-,-,78.74,4.19,95.28,0.49,78.21,-0.75,95.48,0.00,61.80,11.88,61.29,-5.20,66.69,-8.89,-,-,-,-,-,-,76.79,-10.12,63.80,0.00,83.81,-11.50,54.25,-3.64,72.75,-4.29,88.36,-1.94
1988M01,73.40,-4.71,48.82,-4.57,49.16,-4.41,45.19,-7.44,68.70,-4.04,39.04,-12.58,41.44,35.65,47.68,-10.75,-,-,77.20,-8.12,68.56,-0.88,70.71,12.67,60.37,-24.88,28.45,8.71,41.56,-11.46,46.42,-9.74,43.94,-7.82,44.89,-11.63,41.63,-12.51,15.58,-11.43,-,-,-,-,-,-,82.96,-3.86,59.90,-4.18,-,-,33.40,-34.52,63.56,-2.83,-,-,41.29,-4.82,-,-,-,-,-,-,-,-,78.55,-0.90,67.64,-0.41,102.41,-1.38,54.29,0.00,70.77,-5.20,56.74,-2.19,74.45,-8.25,96.72,-7.00,83.35,-7.70,78.19,-10.45,-,-,-,-,117.79,7.05,58.41,1.80,52.53,0.13,73.03,1.88,66.53,-1.86,75.73,-4.43,63.93,-1.86,66.20,-0.63,114.19,15.69,31.04,-12.29,46.45,2.97,81.78,1.11,38.25,5.49,47.26,-8.83,56.52,13.61,55.42,-7.56,78.56,-3.69,71.18,-4.02,86.01,-2.09,75.43,-2.36,59.57,-6.79,102.43,-1.06,70.21,-1.54,70.21,-0.06,74.56,-1.83,68.03,2.06,70.27,-1.87,57.43,-3.75,83.95,-1.25,80.12,-4.64,92.31,0.03,119.86,0.96,86.11,-8.43,81.13,0.73,39.40,-1.52,42.08,-3.82,29.95,-3.91,-,-,48.14,-3.55,-,-,62.47,6.91,26.95,10.45,27.99,0.68,59.71,-5.79,-,-,-,-,-,-,-,-,-,-,275.08,-10.12,335.50,-12.43,-,-,-,-,302.74,-13.76,-,-,-,-,-,-,-,-,-,-,288.91,-9.30,123.21,-13.34,-,-,-,-,-,-,-,-,-,-,-,-,104.88,-3.38,106.14,-5.15,76.00,-2.28,71.73,-1.09,-,-,-,-,78.99,4.79,95.28,0.27,78.14,-0.38,96.28,0.84,62.08,12.67,61.36,-4.50,65.76,-12.16,-,-,-,-,-,-,68.55,-19.77,63.80,0.00,73.84,-22.03,50.07,-11.07,72.19,-4.64,87.49,-2.94
1988M02,73.67,-4.16,48.37,-3.36,48.38,-7.26,44.83,-8.04,67.99,-4.45,38.90,-13.36,35.34,16.56,49.07,-14.06,-,-,77.15,-7.49,65.96,2.18,68.62,15.44,56.73,-22.27,28.06,6.09,43.13,-3.94,46.71,-6.02,43.47,-3.53,45.94,-8.41,44.05,-2.63,15.51,-14.83,-,-,-,-,-,-,83.40,-3.16,59.70,-3.54,-,-,34.68,-31.60,63.54,-2.02,-,-,41.21,-4.32,-,-,-,-,-,-,-,-,78.55,-0.83,67.64,-0.37,102.41,-1.30,54.29,0.00,70.56,-5.91,56.42,-3.24,74.31,-8.91,97.79,-5.77,83.78,-7.27,78.68,-9.41,-,-,-,-,117.76,3.79,59.35,4.29,53.07,0.15,72.17,-1.29,65.41,-5.97,75.60,-8.21,63.70,-3.95,63.56,-7.29,114.19,15.69,31.05,-12.36,47.12,5.25,82.03,0.98,39.48,10.96,47.17,-7.47,57.59,15.97,54.69,-9.02,78.80,-3.34,71.29,-3.70,85.76,-2.12,75.20,-2.80,60.09,-5.67,102.78,-1.11,70.49,-1.14,70.34,0.14,74.67,-1.63,68.19,2.28,70.58,-1.41,57.60,-4.71,84.36,-0.32,80.44,-4.01,92.19,-0.15,119.63,0.55,86.43,-7.69,81.85,1.80,39.64,-0.43,42.37,-2.78,30.43,-2.12,-,-,48.27,-2.72,-,-,62.51,6.20,26.96,13.42,28.28,1.87,59.70,-5.49,-,-,-,-,-,-,-,-,-,-,276.17,-9.33,337.76,-11.61,-,-,-,-,303.27,-11.58,-,-,-,-,-,-,-,-,-,-,290.91,-7.94,124.05,-12.38,-,-,-,-,-,-,-,-,-,-,-,-,104.03,-3.92,106.83,-4.41,76.32,-1.95,71.71,-1.27,-,-,-,-,81.16,7.78,94.90,-0.22,78.19,-0.11,96.28,0.84,66.37,20.72,61.35,-4.41,66.50,-10.85,-,-,-,-,-,-,68.55,-19.77,63.80,0.00,73.84,-22.03,50.07,-11.07,72.56,-3.73,87.99,-2.60
1988M03,73.51,-4.17,46.14,-6.07,48.11,-8.40,44.47,-8.74,67.51,-3.52,38.52,-16.22,31.71,4.10,51.35,-12.21,-,-,76.54,-8.27,58.06,-4.33,57.56,3.38,56.35,-18.50,27.80,5.26,41.18,-5.83,46.68,-6.86,44.11,-2.37,45.22,-11.11,40.86,-5.15,15.40,-14.68,-,-,-,-,-,-,83.55,-3.06,58.60,-4.26,-,-,34.34,-27.20,63.51,-2.07,-,-,41.04,-4.00,-,-,-,-,-,-,-,-,78.55,-0.83,67.64,-0.37,102.41,-1.30,54.29,0.00,70.14,-7.33,55.61,-5.94,74.29,-9.23,99.59,-5.13,84.01,-6.89,78.91,-9.12,-,-,-,-,117.95,4.61,59.87,4.10,53.78,1.63,72.40,-1.94,65.66,-6.71,75.60,-9.32,64.24,-4.77,63.56,-7.79,114.19,15.69,31.03,-12.30,47.52,4.67,81.53,0.59,39.89,9.98,47.24,-7.64,58.57,15.34,54.78,-9.38,78.84,-3.25,71.35,-3.57,85.43,-2.73,75.64,-2.26,60.16,-5.23,102.85,-1.28,70.75,-0.92,70.24,0.40,74.50,-1.64,68.13,2.81,70.94,-1.17,58.03,-4.08,84.69,-0.26,80.72,-3.78,92.00,-0.23,120.15,1.00,86.76,-7.15,82.18,0.77,40.36,2.05,42.88,-0.83,31.00,1.24,-,-,48.85,-1.15,-,-,68.61,14.60,26.45,13.28,29.79,7.74,59.81,-5.32,-,-,-,-,-,-,-,-,-,-,276.51,-8.71,338.30,-11.18,-,-,-,-,303.48,-10.56,-,-,-,-,-,-,-,-,-,-,296.21,-6.16,123.96,-11.95,-,-,-,-,-,-,-,-,-,-,-,-,103.18,-4.99,110.38,-0.52,76.57,-1.69,71.72,-1.32,-,-,-,-,80.83,6.76,93.51,-1.68,78.25,-1.40,95.87,0.41,66.35,19.81,61.38,-4.24,67.29,-8.97,-,-,-,-,-,-,68.55,-17.28,63.80,0.00,73.84,-19.18,50.07,-11.07,72.68,-3.52,88.47,-2.37
1988M04,73.80,-3.50,46.50,-6.74,48.76,-8.14,44.61,-4.27,67.27,-0.62,39.06,-9.69,33.56,-7.19,51.60,-14.16,-,-,78.18,-7.87,55.24,-11.95,52.32,-13.43,59.21,-8.81,27.94,8.09,43.40,-2.19,48.46,-3.62,45.61,4.30,47.12,-10.67,43.49,-1.20,15.04,-15.03,-,-,-,-,-,-,83.91,-2.34,57.93,-4.99,-,-,34.84,-20.89,63.41,-2.02,-,-,40.83,-4.13,-,-,-,-,-,-,-,-,78.55,-0.68,67.64,-0.37,102.41,-1.01,54.29,0.00,70.33,-6.61,55.75,-5.56,74.50,-8.27,99.89,-4.03,84.04,-7.46,78.96,-9.52,-,-,-,-,117.98,3.36,61.20,4.96,54.26,3.81,72.72,-1.13,65.98,-5.77,74.06,-10.04,65.06,-3.63,64.05,-6.29,114.19,15.69,30.93,-12.58,48.49,5.73,81.80,0.38,41.37,13.84,47.37,-7.73,59.43,13.81,55.27,-9.20,78.77,-2.96,71.25,-3.21,85.43,-2.89,75.38,-1.72,60.10,-4.57,102.85,-1.25,71.33,-0.56,70.21,0.99,74.32,-1.17,68.25,3.55,71.65,-0.84,58.75,-2.88,85.51,-0.19,80.93,-3.03,91.99,0.22,120.38,1.19,87.62,-5.07,80.86,-2.30,40.89,4.52,43.29,1.38,31.12,4.05,-,-,49.74,1.14,-,-,70.24,17.79,26.26,12.75,32.17,17.49,60.50,-4.15,-,-,-,-,-,-,-,-,-,-,278.30,-6.08,340.56,-5.15,-,-,-,-,303.60,-7.73,-,-,-,-,-,-,-,-,-,-,296.24,-5.24,123.47,-11.22,-,-,-,-,-,-,-,-,-,-,-,-,102.20,-5.82,111.73,1.33,76.73,-1.74,71.99,-0.76,-,-,-,-,80.85,6.76,93.47,-1.72,78.19,-1.18,95.87,0.41,66.35,19.51,61.38,-4.14,67.56,-6.79,-,-,-,-,-,-,68.55,-15.15,63.80,0.00,73.84,-16.72,50.07,-11.07,72.99,-2.78,88.97,-1.56
1988M05,74.45,-2.68,49.28,-9.73,53.75,-13.50,46.02,0.97,70.35,7.42,39.39,-8.37,36.87,4.48,67.07,-32.80,-,-,79.06,-7.43,61.37,-10.16,57.67,-15.81,66.80,3.44,28.25,12.42,41.23,-5.57,47.65,-3.50,43.52,1.12,47.76,-7.59,40.37,-6.94,14.89,-13.48,-,-,-,-,-,-,84.29,-1.18,59.13,-3.62,-,-,35.34,-22.30,63.39,-2.10,-,-,40.69,-3.69,-,-,-,-,-,-,-,-,78.55,-0.67,67.64,-0.31,102.41,-1.01,54.29,0.00,70.61,-5.64,55.58,-6.15,74.82,-6.53,104.89,3.50,84.66,-6.33,79.69,-7.71,-,-,-,-,117.85,0.66,61.55,4.27,54.45,6.56,72.82,-0.16,66.12,-4.45,74.10,-6.76,65.11,-3.54,64.33,-4.48,114.19,15.69,30.96,-12.15,49.02,4.81,82.44,2.50,41.76,10.80,47.46,-6.92,60.19,12.88,56.09,-8.90,78.72,-2.39,71.18,-2.81,85.41,-2.60,74.90,-3.03,60.24,-2.87,102.69,-1.03,71.43,0.82,70.57,1.72,73.92,-0.50,69.43,4.26,71.68,0.62,58.61,-2.20,85.62,1.55,80.86,-2.17,91.95,-0.73,120.35,1.16,87.59,-3.41,80.58,-2.16,41.36,6.49,43.71,3.09,31.18,5.62,-,-,50.44,2.83,-,-,69.95,17.33,26.27,13.38,34.60,30.03,60.60,-2.96,-,-,-,-,-,-,-,-,-,-,278.97,-3.30,339.24,-4.45,-,-,-,-,303.16,-10.21,-,-,-,-,-,-,-,-,-,-,297.14,-2.90,123.67,-8.62,-,-,-,-,-,-,-,-,-,-,-,-,101.78,-5.81,111.76,0.09,76.74,-1.07,71.95,0.06,-,-,-,-,80.82,6.30,93.47,-1.72,78.18,0.04,95.87,0.41,66.30,17.43,62.53,-0.32,67.52,-3.83,-,-,-,-,-,-,68.55,-15.15,63.80,0.00,73.84,-16.72,50.07,-11.07,73.44,-1.71,89.23,-0.10
1988M06,74.96,-0.96,51.19,-6.13,54.18,-11.82,46.71,8.75,69.72,13.64,41.58,1.81,41.95,17.80,61.88,-41.17,-,-,82.96,4.56,70.31,-0.71,70.25,-3.49,67.03,6.53,28.60,15.09,41.09,-4.20,47.33,-2.95,43.08,4.84,47.59,-9.40,40.31,-5.06,14.34,-13.46,-,-,-,-,-,-,84.74,0.46,61.09,0.73,-,-,39.35,-14.49,63.33,-2.19,-,-,40.83,-2.76,-,-,-,-,-,-,-,-,78.55,-0.67,67.64,-0.31,102.41,-1.03,54.29,0.00,70.41,-5.27,55.34,-6.08,74.72,-5.92,104.77,4.69,84.94,-3.81,80.00,-4.33,-,-,-,-,117.89,-1.28,61.56,2.36,55.03,9.19,72.74,1.18,65.95,-2.86,74.46,-3.25,65.24,-2.14,63.57,-3.58,114.36,15.87,31.00,-12.03,49.76,6.23,82.59,3.24,42.35,12.93,47.65,-4.64,60.83,11.64,57.84,-5.74,78.91,-1.56,71.26,-1.94,85.37,-1.97,74.75,-2.03,60.55,-1.82,103.15,-0.34,71.88,2.82,72.14,4.52,75.71,2.45,70.81,6.88,71.89,2.47,58.98,0.73,85.77,3.01,80.92,-1.23,92.03,0.04,122.19,2.71,87.62,-2.06,80.29,-2.45,41.59,7.97,43.92,4.92,31.27,7.57,-,-,50.77,5.07,-,-,70.73,18.48,26.57,14.82,34.51,24.95,60.69,-1.46,-,-,-,-,-,-,-,-,-,-,279.87,-0.82,343.86,-1.10,-,-,-,-,303.48,-7.35,-,-,-,-,-,-,-,-,-,-,297.01,-0.95,122.29,-6.09,-,-,-,-,-,-,-,-,-,-,-,-,101.70,-4.74,111.95,1.76,76.68,-0.52,71.74,0.74,-,-,-,-,80.81,7.03,93.47,-1.72,77.94,0.84,95.87,0.41,66.38,19.30,64.07,3.14,67.67,-1.50,-,-,-,-,-,-,68.55,-15.15,63.80,0.00,73.84,-16.72,50.07,-11.07,73.98,0.26,89.37,0.97
1988M07,75.26,-0.84,50.68,-7.21,52.51,-14.91,47.02,10.74,66.83,9.74,45.04,12.18,43.30,-16.05,51.34,-47.45,-,-,86.58,11.14,72.87,-0.29,73.17,-1.64,68.65,3.11,28.83,13.10,39.90,-2.56,46.65,-2.10,42.86,4.16,46.49,-7.54,38.76,-2.88,14.02,-16.20,-,-,-,-,-,-,85.17,0.69,61.65,2.05,-,-,45.46,7.50,62.91,-2.84,-,-,41.92,0.29,-,-,-,-,-,-,-,-,78.52,-0.71,67.64,-0.31,102.33,-1.11,54.29,0.00,70.25,-4.96,55.26,-6.23,74.71,-5.09,102.72,5.28,87.16,-1.86,81.99,-2.50,-,-,-,-,121.78,1.27,61.71,2.66,55.29,7.46,72.69,1.64,65.91,-2.33,76.61,-3.01,65.17,-1.39,62.69,-3.15,114.36,15.81,28.79,-18.00,51.14,8.00,84.09,4.71,44.62,16.20,46.95,-5.19,61.95,12.47,58.36,-4.92,78.67,-1.47,70.88,-2.06,85.11,-2.18,73.79,-3.25,60.44,-1.06,103.31,-0.17,72.34,2.33,72.64,4.73,75.59,1.41,71.98,8.62,72.36,1.84,59.57,2.00,86.21,1.78,81.39,-1.08,91.16,-1.25,122.37,2.83,88.68,-0.76,80.10,-4.09,42.20,11.11,44.68,8.53,31.94,11.76,-,-,51.54,8.51,-,-,72.26,20.76,26.33,14.03,34.91,29.83,61.72,0.49,-,-,-,-,-,-,-,-,-,-,280.30,-0.36,341.65,-2.00,-,-,-,-,322.64,-2.05,-,-,-,-,-,-,-,-,-,-,288.73,-4.02,122.14,-5.62,-,-,-,-,-,-,-,-,-,-,-,-,101.66,-4.68,112.01,2.12,76.74,-0.42,72.44,1.27,-,-,-,-,81.74,6.28,93.94,-1.32,77.36,-1.01,95.87,0.41,68.05,17.21,64.52,2.82,67.93,-2.08,-,-,-,-,-,-,71.14,-11.94,63.80,0.00,77.22,-12.90,50.07,-11.07,74.41,0.76,89.62,0.72
1988M08,75.55,-0.13,51.81,-6.09,51.68,-17.40,46.75,11.26,69.67,13.41,41.74,8.05,50.42,-13.43,47.25,-52.19,-,-,80.88,6.23,79.38,6.02,79.74,5.38,74.72,7.57,28.70,9.63,40.68,1.55,45.72,-4.25,43.23,4.95,44.26,-12.27,40.58,5.73,14.05,-15.46,-,-,-,-,-,-,85.37,1.40,61.85,3.01,-,-,42.84,5.65,62.83,-2.86,-,-,41.99,0.96,-,-,-,-,-,-,-,-,78.52,-0.71,67.64,-0.31,102.33,-1.11,54.29,0.00,69.98,-5.69,54.91,-7.71,74.25,-5.64,105.60,9.57,86.48,-2.04,81.13,-3.15,-,-,-,-,122.17,3.39,62.27,4.30,55.16,7.00,72.94,2.69,66.21,-0.91,77.47,-0.22,65.52,0.58,62.68,-3.11,114.36,15.31,28.86,-18.17,51.77,10.50,85.34,4.52,45.40,19.07,47.33,-3.57,62.60,17.18,58.74,-4.02,78.81,-0.82,70.93,-1.54,84.95,-2.20,74.01,-3.22,60.50,0.32,103.85,0.41,72.80,3.85,72.49,4.60,75.74,1.80,71.52,7.91,72.93,3.70,60.28,5.85,86.80,3.01,81.48,-0.56,89.63,-2.49,123.59,3.85,88.72,-0.06,81.16,-2.92,42.56,12.98,44.82,10.23,32.49,14.89,-,-,51.25,9.46,-,-,76.15,27.32,26.72,14.43,34.83,28.00,61.82,1.26,-,-,-,-,-,-,-,-,-,-,279.84,0.11,341.06,-0.38,-,-,-,-,321.77,0.24,-,-,-,-,-,-,-,-,-,-,287.03,-3.27,122.37,-3.99,-,-,-,-,-,-,-,-,-,-,-,-,101.44,-4.62,111.41,2.63,76.99,0.29,73.40,1.87,-,-,-,-,82.04,4.55,93.94,-1.32,79.46,2.23,95.87,0.41,68.05,11.03,64.74,4.13,67.96,-0.41,-,-,-,-,-,-,71.14,-11.94,63.80,0.00,77.22,-12.90,50.07,-11.07,74.64,1.74,89.79,1.19
1988M09,75.54,0.43,51.33,-0.48,53.06,-2.78,48.07,13.48,69.85,12.32,44.57,15.20,52.77,-1.46,47.54,-29.88,-,-,83.32,8.70,73.18,-1.19,70.29,-3.51,76.18,4.00,29.28,8.57,41.01,3.12,46.17,-1.05,43.73,5.32,44.61,-6.95,40.88,6.07,13.30,-19.15,-,-,-,-,-,-,85.54,1.51,61.01,2.16,-,-,41.74,6.97,62.83,-2.82,-,-,41.98,1.40,-,-,-,-,-,-,-,-,78.45,-0.80,67.64,-0.31,102.13,-1.30,54.29,0.00,69.85,-6.79,54.42,-10.46,74.58,-5.07,106.54,10.69,87.64,-2.81,81.86,-4.32,-,-,-,-,126.34,4.52,62.56,5.64,55.33,7.25,73.55,0.53,66.89,0.45,77.56,1.41,66.83,2.63,62.81,-2.73,114.36,0.15,28.13,-18.79,51.60,9.83,85.40,3.15,44.72,17.47,47.53,-3.02,61.87,14.60,60.24,-1.47,78.83,-0.44,70.91,-1.16,84.88,-2.28,74.08,-2.53,60.47,0.90,104.02,0.60,73.06,3.91,72.51,4.54,76.35,2.29,70.92,7.18,73.24,3.77,60.53,4.56,87.19,3.53,82.49,1.66,89.56,-2.45,123.74,4.28,90.09,2.92,82.65,-0.70,42.91,13.49,45.16,10.66,32.99,13.10,-,-,51.53,10.65,-,-,78.21,27.98,26.92,15.74,34.47,28.38,62.82,3.25,-,-,-,-,-,-,-,-,-,-,280.18,-0.02,337.23,-2.77,-,-,-,-,324.37,1.70,-,-,-,-,-,-,-,-,-,-,288.16,-2.57,121.74,-4.08,-,-,-,-,-,-,-,-,-,-,-,-,101.60,-4.10,112.77,4.21,77.26,0.39,74.42,2.89,-,-,-,-,82.26,5.48,94.22,-1.03,79.55,3.91,95.87,0.41,68.42,12.33,64.96,4.89,68.21,0.53,-,-,-,-,-,-,70.87,-10.93,63.80,0.00,77.22,-11.31,48.01,-14.72,74.69,1.81,90.33,1.61
1988M10,75.62,0.96,51.87,8.40,54.67,14.83,47.88,12.47,69.78,11.83,44.20,13.39,61.18,57.97,48.77,1.60,-,-,83.87,9.09,72.20,0.47,69.34,-2.94,75.19,8.47,30.04,8.10,40.87,6.60,44.38,-1.11,41.99,-0.31,42.92,-1.99,41.66,11.96,12.65,-22.82,-,-,-,-,-,-,85.69,1.40,61.09,2.66,-,-,40.43,9.18,62.83,-2.33,-,-,42.23,2.13,-,-,-,-,-,-,-,-,78.32,-0.94,67.64,-0.31,101.81,-1.55,54.29,0.00,68.87,-8.05,53.22,-12.16,73.99,-5.85,106.69,9.48,88.17,-2.96,82.58,-3.74,-,-,-,-,125.49,0.71,62.10,3.97,55.42,6.70,73.48,0.46,66.41,-0.24,76.88,1.29,66.91,3.10,61.76,-5.06,116.12,1.69,27.72,-18.85,52.02,10.92,85.33,2.91,45.08,18.01,47.47,0.30,61.82,13.41,61.77,2.34,78.58,-0.37,70.63,-1.04,84.68,-2.31,73.99,-1.58,60.03,0.49,104.27,1.12,73.27,4.12,72.16,3.84,75.85,1.23,70.71,6.89,73.58,4.19,61.63,6.13,87.22,3.59,83.00,2.48,90.22,-1.97,128.29,7.06,90.42,3.31,82.84,0.99,43.38,9.52,45.73,5.61,33.13,3.50,-,-,52.60,8.12,-,-,78.49,26.39,27.55,17.63,33.93,28.62,63.36,4.35,-,-,-,-,-,-,-,-,-,-,281.81,1.01,345.87,0.63,-,-,-,-,324.48,2.10,-,-,-,-,-,-,-,-,-,-,288.50,-2.27,121.67,-3.93,-,-,-,-,-,-,-,-,-,-,-,-,101.61,-4.23,112.10,3.96,77.42,0.94,74.51,3.03,-,-,-,-,81.86,4.28,94.22,-1.11,79.68,1.53,95.87,0.41,67.68,10.48,65.53,5.98,68.21,0.35,-,-,-,-,-,-,70.73,-8.23,63.80,0.00,77.22,-7.86,46.96,-16.59,74.99,1.86,90.19,1.30
1988M11,75.12,0.15,52.16,6.97,54.02,7.59,48.43,10.70,72.06,10.78,43.33,10.59,52.90,12.05,51.18,-0.64,-,-,82.63,8.41,75.17,5.69,72.71,-0.11,77.13,20.78,30.24,6.44,40.73,7.41,44.04,-1.89,41.97,-2.91,42.28,-0.80,41.64,14.08,12.59,-23.23,-,-,-,-,-,-,85.02,0.58,61.22,2.15,-,-,37.70,8.21,62.83,-1.23,-,-,42.32,2.44,-,-,-,-,-,-,-,-,78.32,-0.92,67.64,-0.31,101.81,-1.52,54.29,0.00,67.87,-8.79,52.13,-13.15,73.51,-5.72,104.25,4.51,85.75,-4.03,80.23,-4.27,-,-,-,-,122.59,-2.96,60.32,1.43,54.53,3.12,72.97,-0.76,65.81,-1.92,74.97,-1.17,66.06,2.28,61.98,-7.30,116.27,1.82,27.61,-18.55,51.36,9.44,84.75,2.13,44.41,17.02,47.49,0.34,60.94,9.21,61.04,2.69,78.36,-1.01,70.41,-1.73,84.68,-1.87,73.77,-2.03,59.66,-1.39,104.15,1.01,72.52,2.57,71.59,3.10,75.45,0.67,69.98,6.01,72.77,2.42,61.64,6.61,85.97,1.18,82.93,2.62,89.83,-2.29,130.36,8.82,89.82,2.90,84.07,2.86,43.81,9.61,45.81,4.97,33.32,3.96,-,-,52.61,7.00,-,-,78.42,24.93,29.99,25.80,34.13,28.60,62.90,3.47,-,-,-,-,-,-,-,-,-,-,280.99,0.61,341.08,-1.25,-,-,-,-,316.13,0.10,-,-,-,-,-,-,-,-,-,-,284.79,-3.47,118.89,-5.64,-,-,-,-,-,-,-,-,-,-,-,-,100.27,-5.66,110.73,2.61,77.15,0.67,74.01,2.44,-,-,-,-,81.28,3.38,94.05,-1.31,79.45,1.13,95.87,0.41,66.77,8.73,65.13,5.52,66.83,-2.11,-,-,-,-,-,-,70.73,-8.23,63.80,0.00,77.22,-7.86,46.96,-16.59,74.62,1.50,89.05,-0.32
1988M12,75.32,1.14,52.41,3.64,52.56,-2.54,49.15,9.66,74.09,9.15,43.06,10.50,40.77,-36.13,51.72,-4.20,-,-,82.56,7.82,75.67,7.53,73.10,3.20,77.82,18.09,30.74,8.13,43.43,10.88,46.65,1.13,42.76,-2.17,46.59,4.58,44.58,17.81,13.60,-14.09,-,-,-,-,-,-,85.05,1.65,61.66,3.37,-,-,37.98,15.55,62.83,-1.23,-,-,42.35,2.59,-,-,-,-,-,-,-,-,78.32,-0.92,67.64,-0.31,101.81,-1.52,54.29,0.00,67.49,-6.86,52.03,-9.95,72.72,-5.08,104.43,4.52,84.95,-2.96,79.29,-3.36,-,-,-,-,122.86,-1.17,60.13,3.10,54.45,4.17,73.38,0.11,66.25,-0.85,75.66,0.11,66.38,3.40,62.48,-6.34,116.51,2.03,27.58,-16.58,51.23,10.36,84.53,2.40,44.65,18.03,47.54,0.19,59.86,6.57,61.12,8.33,78.29,-0.71,70.40,-1.30,84.68,-1.73,73.78,-1.86,59.63,-0.55,103.85,0.84,72.64,3.11,71.58,2.20,75.63,1.44,69.75,3.10,72.94,3.30,61.97,7.49,86.05,1.99,83.26,3.58,89.85,-2.55,130.65,9.07,90.30,4.42,84.36,3.33,43.90,11.03,45.67,7.28,33.10,8.77,-,-,52.55,8.26,-,-,78.49,26.15,30.65,17.48,35.36,30.53,63.31,4.90,-,-,-,-,-,-,-,-,-,-,277.76,0.26,320.38,-4.93,-,-,-,-,316.49,3.06,-,-,-,-,-,-,-,-,-,-,284.92,-2.03,118.56,-3.83,-,-,-,-,-,-,-,-,-,-,-,-,100.31,-5.18,111.52,5.08,77.44,1.55,74.81,3.96,-,-,-,-,81.12,3.02,93.65,-1.71,79.51,1.66,95.87,0.41,66.64,7.83,65.41,6.72,66.86,0.25,-,-,-,-,-,-,70.73,-7.89,63.80,0.00,77.22,-7.86,46.96,-13.44,74.65,2.61,89.03,0.76
1989M01,75.22,2.48,52.62,7.78,51.93,5.63,50.45,11.64,75.44,9.81,44.78,14.70,33.51,-19.14,49.87,4.59,-,-,85.20,10.36,76.37,11.39,74.02,4.68,78.02,29.24,30.27,6.40,44.78,7.75,46.04,-0.82,41.02,-6.65,47.26,5.28,47.16,13.28,14.14,-9.24,-,-,-,-,-,-,84.81,2.23,61.90,3.34,-,-,38.13,14.16,62.83,-1.15,-,-,42.36,2.59,-,-,-,-,-,-,-,-,78.31,-0.31,67.64,0.00,101.77,-0.62,54.29,0.00,67.14,-5.13,51.92,-8.49,72.45,-2.69,101.06,4.49,84.60,1.50,78.97,1.00,-,-,-,-,122.28,3.81,60.24,3.13,54.88,4.47,73.79,1.04,66.78,0.38,77.94,2.92,66.62,4.21,62.66,-5.35,116.51,2.03,27.56,-11.21,50.86,9.49,84.84,3.74,45.03,17.73,47.09,-0.36,57.54,1.80,61.10,10.25,78.24,-0.41,70.39,-1.11,85.06,-1.10,73.69,-2.31,59.45,-0.20,103.70,1.24,72.31,2.99,70.88,0.95,74.87,0.42,69.09,1.56,72.67,3.42,61.99,7.94,85.64,2.01,83.14,3.77,90.33,-2.14,130.25,8.67,89.95,4.46,84.51,4.17,43.85,11.29,45.48,8.08,32.87,9.75,-,-,52.37,8.79,-,-,78.30,25.34,31.13,15.51,35.88,28.19,63.30,6.01,-,-,-,-,-,-,-,-,-,-,275.50,0.15,317.08,-5.49,-,-,-,-,312.51,3.23,-,-,-,-,-,-,-,-,-,-,283.20,-1.98,117.63,-4.53,-,-,-,-,-,-,-,-,-,-,-,-,99.90,-4.75,111.59,5.13,77.16,1.53,74.57,3.96,-,-,-,-,80.80,2.29,93.65,-1.71,79.15,1.29,95.87,-0.43,66.15,6.56,65.03,5.98,66.21,0.68,-,-,-,-,-,-,70.73,3.18,63.80,0.00,77.22,4.58,46.96,-6.21,74.38,3.03,88.85,1.55
1989M02,75.40,2.35,53.52,10.65,52.84,9.22,50.53,12.71,76.40,12.37,44.07,13.29,42.00,18.85,48.97,-0.20,-,-,83.52,8.26,77.06,16.83,76.41,11.35,74.77,31.80,29.64,5.63,46.39,7.56,46.85,0.30,41.21,-5.20,48.64,5.88,49.33,11.99,14.37,-7.35,-,-,-,-,-,-,84.94,1.85,62.60,4.86,-,-,38.12,9.92,63.39,-0.24,-,-,42.37,2.81,-,-,-,-,-,-,-,-,78.28,-0.34,67.60,-0.06,101.77,-0.62,54.29,0.00,67.83,-3.87,52.75,-6.50,72.86,-1.95,100.88,3.16,83.87,0.11,78.19,-0.62,-,-,-,-,121.86,3.48,60.59,2.09,54.97,3.58,73.96,2.48,66.93,2.32,75.87,0.36,67.45,5.89,62.85,-1.12,116.51,2.03,27.55,-11.27,50.79,7.79,84.49,3.00,45.21,14.51,46.99,-0.38,56.98,-1.06,61.13,11.78,78.01,-1.00,70.17,-1.57,84.49,-1.48,73.43,-2.35,59.45,-1.07,103.34,0.54,72.03,2.18,70.67,0.47,75.03,0.48,68.48,0.43,72.39,2.56,61.28,6.39,85.51,1.36,83.33,3.59,90.67,-1.65,130.24,8.87,90.34,4.52,84.19,2.86,44.35,11.88,45.57,7.55,32.99,8.41,-,-,52.46,8.68,-,-,78.18,25.07,31.74,17.73,40.29,42.47,63.28,6.00,-,-,-,-,-,-,-,-,-,-,274.86,-0.47,316.10,-6.41,-,-,-,-,310.84,2.50,-,-,-,-,-,-,-,-,-,-,277.39,-4.65,117.26,-5.47,-,-,-,-,-,-,-,-,-,-,-,-,99.72,-4.14,111.62,4.48,77.12,1.05,74.70,4.17,-,-,-,-,81.37,0.26,93.96,-0.99,79.05,1.10,95.87,-0.43,67.13,1.15,64.88,5.75,65.75,-1.13,-,-,-,-,-,-,69.06,0.74,63.80,0.00,75.03,1.61,46.96,-6.21,74.52,2.70,88.88,1.01
1989M03,75.90,3.25,54.44,17.99,53.50,11.20,50.50,13.56,77.04,14.12,43.38,12.62,42.77,34.88,51.41,0.12,-,-,83.35,8.90,79.78,37.41,77.65,34.90,80.73,43.27,29.20,5.04,46.94,13.99,47.63,2.04,41.33,-6.30,50.06,10.70,49.78,21.83,15.24,-1.04,-,-,-,-,-,-,85.31,2.11,62.83,7.22,-,-,37.77,9.99,63.84,0.52,-,-,42.37,3.24,-,-,-,-,-,-,-,-,78.44,-0.14,67.60,-0.06,102.17,-0.23,54.29,0.00,68.16,-2.82,53.22,-4.30,72.72,-2.11,102.75,3.17,84.84,0.99,79.17,0.33,-,-,-,-,122.68,4.01,60.99,1.87,55.27,2.77,74.82,3.34,68.00,3.56,77.28,2.22,68.02,5.88,64.40,1.32,116.51,2.03,27.56,-11.18,50.70,6.69,84.55,3.70,44.85,12.43,47.18,-0.13,56.99,-2.70,61.43,12.14,78.10,-0.94,70.30,-1.47,84.42,-1.18,73.79,-2.45,59.56,-1.00,103.30,0.44,72.65,2.69,71.78,2.19,76.88,3.19,68.85,1.06,72.91,2.78,61.02,5.15,86.43,2.05,83.73,3.73,89.05,-3.21,130.39,8.52,90.95,4.83,85.37,3.88,45.13,11.82,46.19,7.72,33.87,9.26,-,-,52.72,7.92,-,-,78.13,13.88,32.72,23.71,42.80,43.67,63.38,5.97,-,-,-,-,-,-,-,-,-,-,275.55,-0.35,315.02,-6.88,-,-,-,-,348.23,14.75,-,-,-,-,-,-,-,-,-,-,277.05,-6.47,116.97,-5.64,-,-,-,-,-,-,-,-,-,-,-,-,99.50,-3.57,111.70,1.20,77.46,1.16,74.87,4.39,-,-,-,-,81.54,0.88,94.12,0.65,79.03,1.00,95.87,0.00,67.30,1.43,65.02,5.93,65.75,-2.29,-,-,-,-,-,-,69.06,0.74,63.80,0.00,75.03,1.61,46.96,-6.21,74.81,2.93,89.37,1.02
1989M04,76.06,3.06,55.16,18.62,53.64,10.01,50.68,13.61,77.54,15.27,43.34,10.96,43.41,29.35,52.12,1.01,-,-,81.85,4.69,85.46,54.71,84.97,62.40,82.42,39.20,28.80,3.08,45.41,4.63,48.24,-0.45,42.76,-6.25,49.75,5.58,46.92,7.89,15.78,4.92,-,-,-,-,-,-,85.30,1.66,63.35,9.36,-,-,37.17,6.69,64.30,1.40,-,-,42.70,4.58,-,-,-,-,-,-,-,-,78.43,-0.15,67.60,-0.06,102.13,-0.27,54.29,0.00,68.25,-2.96,53.57,-3.91,72.53,-2.64,101.91,2.02,83.35,-0.82,77.73,-1.56,-,-,-,-,121.05,2.60,60.98,-0.36,54.80,1.00,75.77,4.19,68.99,4.56,74.87,1.09,68.68,5.56,67.22,4.95,117.28,2.71,27.58,-10.83,50.68,4.52,84.75,3.61,44.77,8.22,46.94,-0.91,56.41,-5.08,62.23,12.59,77.96,-1.03,70.10,-1.61,84.27,-1.36,73.65,-2.30,59.32,-1.30,103.43,0.56,72.23,1.26,70.50,0.41,75.17,1.14,67.98,-0.40,72.67,1.42,61.04,3.90,86.05,0.63,84.47,4.37,89.06,-3.19,132.02,9.67,91.46,4.38,87.09,7.70,45.40,11.03,46.68,7.83,34.40,10.54,-,-,53.22,7.00,-,-,75.18,7.03,33.38,27.11,42.63,32.51,63.26,4.56,-,-,-,-,-,-,-,-,-,-,272.99,-1.91,311.78,-8.45,-,-,-,-,341.88,12.61,-,-,-,-,-,-,-,-,-,-,274.56,-7.32,115.75,-6.25,-,-,-,-,-,-,-,-,-,-,-,-,101.22,-0.96,111.08,-0.58,77.75,1.33,74.70,3.76,-,-,-,-,81.83,1.21,93.78,0.33,78.64,0.58,95.87,0.00,68.15,2.71,67.18,9.45,64.70,-4.23,-,-,-,-,-,-,69.06,0.74,63.80,0.00,75.03,1.61,46.96,-6.21,74.76,2.42,89.41,0.49
1989M05,74.90,0.60,55.39,12.40,56.29,4.73,51.34,11.56,79.50,13.01,42.99,9.14,41.90,13.64,64.01,-4.56,-,-,80.04,1.24,83.76,36.48,83.87,45.43,79.47,18.97,28.26,0.04,43.50,5.51,48.96,2.75,43.16,-0.83,50.73,6.22,43.36,7.41,14.65,-1.61,-,-,-,-,-,-,83.96,-0.39,63.37,7.17,-,-,35.81,1.33,64.72,2.10,-,-,42.61,4.72,-,-,-,-,-,-,-,-,78.43,-0.15,67.60,-0.06,102.13,-0.27,54.29,0.00,67.52,-4.38,53.28,-4.14,71.62,-4.28,98.16,-6.42,81.22,-4.06,75.73,-4.97,-,-,-,-,117.94,0.08,59.24,-3.75,53.94,-0.94,75.21,3.28,68.28,3.27,72.61,-2.01,68.23,4.79,66.80,3.84,117.28,2.71,27.47,-11.27,49.25,0.47,84.03,1.93,43.39,3.90,46.40,-2.23,54.31,-9.77,60.80,8.40,77.58,-1.45,69.73,-2.04,84.18,-1.44,73.60,-1.74,58.57,-2.77,103.50,0.79,70.24,-1.67,69.57,-1.42,74.41,0.66,66.84,-3.73,70.45,-1.72,58.94,0.56,83.52,-2.45,83.80,3.64,88.98,-3.23,131.93,9.62,90.23,3.01,87.18,8.19,45.29,9.50,46.52,6.43,34.85,11.77,-,-,52.74,4.56,-,-,73.65,5.29,33.94,29.20,42.64,23.24,62.83,3.68,-,-,-,-,-,-,-,-,-,-,265.41,-4.86,303.46,-10.55,-,-,-,-,325.04,7.22,-,-,-,-,-,-,-,-,-,-,268.07,-9.78,112.28,-9.21,-,-,-,-,-,-,-,-,-,-,-,-,99.62,-2.12,108.95,-2.51,76.82,0.10,73.95,2.78,-,-,-,-,81.07,0.31,93.40,-0.07,77.38,-1.02,95.87,0.00,67.32,1.54,66.23,5.92,62.61,-7.27,-,-,-,-,-,-,69.06,0.74,63.80,0.00,75.03,1.61,46.96,-6.21,73.62,0.25,87.77,-1.64
